Time,AccelX,AccelY,AccelZ,GyroX,GyroY,GyroZ,MagX,MagY,MagZ
28,-0.11,-0.50,0.94,-16.11,-6.04,33.75,,,
620,-0.11,-0.19,1.16,-26.18,-0.43,-88.44,,,
1214,-0.17,-0.25,1.30,82.58,-64.64,-19.78,,,
1807,-0.03,-0.74,1.18,-142.46,96.31,-52.92,,,
2400,-0.14,-0.98,0.80,6.16,-14.47,-15.99,,,
3046,0.08,-0.68,0.74,12.27,-34.30,33.45,,,
3639,0.08,-0.71,0.77,7.20,-8.06,12.57,,,
4231,0.12,-0.74,0.72,-2.38,-1.65,-0.18,,,
4824,0.15,-0.74,0.68,2.20,-2.62,1.77,,,
5416,0.19,-0.76,0.65,9.64,-39.55,21.61,,,
6009,0.01,-0.68,0.75,3.23,131.47,-75.93,,,
6610,-0.04,-0.68,0.76,24.23,-16.91,27.34,,,
7203,-0.06,-0.42,0.79,-12.45,54.81,-55.73,,,
7796,-0.08,-0.56,0.93,-16.42,-0.85,40.65,,,
8389,-0.18,-0.47,0.89,2.56,-17.27,24.60,,,
8983,-0.12,-0.35,0.87,-23.68,-13.98,-15.32,,,
9575,-0.10,-0.45,0.92,-12.15,-7.32,-6.53,,,
10211,-0.14,-0.44,0.87,-0.49,-1.59,6.90,,,
10804,-0.11,-0.50,0.94,1.16,13.61,9.03,,,
11396,-0.10,-0.56,0.89,3.17,8.48,23.62,,,
11990,-0.12,-0.46,0.86,-5.31,-1.95,-3.72,,,
12582,-0.23,-0.39,0.85,-15.63,-6.65,-7.57,,,
13185,-0.11,-0.69,0.88,-15.93,17.33,27.04,,,
13778,-0.00,-0.66,0.79,-41.87,-10.50,12.82,,,
14371,0.21,-0.67,0.67,-33.14,-71.96,52.61,,,
14965,0.23,-0.68,0.86,57.25,0.43,8.97,,,
15557,0.19,-0.67,0.75,9.22,-45.72,52.80,,,
16150,-0.05,-0.75,0.74,30.27,-31.68,-56.88,,,
16743,-0.01,-0.69,0.69,-51.03,-33.02,92.53,,,
17379,-0.07,-0.65,1.02,42.79,-3.97,15.01,,,
17972,-0.16,-0.59,0.76,33.63,9.64,-74.71,,,
18565,-0.14,-0.56,0.70,-90.33,37.96,-69.89,,,
19159,0.04,-0.51,1.06,87.89,-47.30,-4.27,,,
19760,-0.16,-0.54,0.86,0.92,-10.50,-79.59,,,
20354,-0.20,-0.78,0.77,-97.41,16.66,-46.63,,,
20947,-0.35,-0.83,0.45,24.66,90.94,-45.35,,,
21540,-0.30,-0.87,0.43,-5.92,-0.92,4.46,,,
22133,-0.28,-0.88,0.41,-1.95,8.42,-6.41,,,
22726,-0.28,-0.90,0.38,-2.44,-2.81,3.23,,,
23319,-0.25,-0.92,0.39,-10.86,-72.75,24.96,,,
23912,-0.23,-0.91,0.36,-0.49,-9.03,3.30,,,
24548,-0.20,-0.93,0.39,-1.83,-1.95,0.43,,,
25140,-0.26,-0.78,0.62,91.61,11.90,-29.17,,,
25733,-0.14,-0.59,0.88,-14.47,-0.61,59.39,,,
26336,-0.12,-0.95,0.52,0.49,43.03,-56.21,,,
26928,-0.25,-0.89,0.48,-50.84,4.03,1.95,,,
27521,-0.06,-1.01,0.00,-4.82,0.55,-3.05,,,
28113,-0.02,-1.01,0.02,-2.99,0.00,0.73,,,
28705,-0.03,-1.01,0.01,-4.82,1.59,-0.24,,,
29297,-0.02,-1.02,0.02,-2.44,2.44,-2.50,,,
29889,-0.01,-1.00,-0.01,-0.37,-0.06,-0.73,,,
30483,-0.00,-1.01,-0.02,7.32,15.81,-2.20,,,
31075,-0.01,-1.01,0.03,-0.67,1.53,0.61,,,
31711,-0.07,-1.02,0.11,20.39,-71.41,22.09,,,
32304,-0.11,-1.28,-0.25,88.99,4.52,-0.24,,,
32905,0.41,-1.37,0.46,-128.91,-119.81,240.11,,,
33499,0.20,-0.81,0.69,-14.83,-35.22,-3.30,,,
34092,-0.08,-0.88,0.48,-8.54,-8.06,9.52,,,
34685,-0.07,-0.89,0.47,-5.74,5.00,-3.60,,,
35278,-0.04,-0.86,0.45,0.98,-38.94,8.12,,,
35870,-0.05,-0.89,0.49,-3.05,-17.82,3.36,,,
36462,0.05,-0.91,0.49,-0.06,-1.89,-10.07,,,
37054,0.05,-0.90,0.46,5.80,12.88,-9.46,,,
37647,-0.10,-0.91,0.48,-0.67,1.34,-2.08,,,
38239,-0.11,-0.92,0.45,-0.98,-1.04,-1.65,,,
38875,-0.11,-0.92,0.45,0.92,7.14,-3.17,,,
39475,-0.12,-0.91,0.46,-0.79,-0.79,-0.55,,,
40068,-0.12,-0.90,0.46,3.05,0.73,-1.16,,,
40661,-0.12,-0.90,0.45,0.18,0.18,-2.32,,,
41253,-0.10,-0.91,0.47,-4.15,-4.64,-2.38,,,
41846,-0.11,-0.91,0.46,-0.61,-2.75,-0.85,,,
42438,-0.10,-0.91,0.44,-1.16,0.85,0.92,,,
43030,-0.11,-0.94,0.46,16.30,-2.75,-12.82,,,
43623,-0.07,-0.93,0.41,-2.26,-2.75,1.77,,,
44215,-0.07,-0.94,0.41,2.56,-2.87,-0.98,,,
44808,-0.10,-0.89,0.39,14.40,15.20,-7.81,,,
45400,-0.06,-0.93,0.41,-1.89,0.79,0.31,,,
46036,-0.06,-0.92,0.42,-2.08,-0.55,2.32,,,
46637,-0.04,-0.92,0.45,3.05,-16.91,13.24,,,
47230,-0.06,-0.90,0.44,1.22,0.98,0.06,,,
47822,-0.10,-0.90,0.41,5.37,13.92,-7.08,,,
48415,-0.11,-0.91,0.44,-1.53,0.61,-0.24,,,
49008,-0.11,-0.93,0.43,0.55,2.75,1.71,,,
49599,-0.10,-0.92,0.43,-0.79,-0.37,-0.18,,,
50192,-0.11,-0.92,0.43,0.00,-1.83,0.67,,,
50784,-0.10,-0.92,0.42,-0.31,0.49,-0.67,,,
51376,-0.13,-0.92,0.43,-2.14,0.98,0.18,,,
51969,-0.10,-0.92,0.42,-0.55,-0.49,-0.43,,,
52561,-0.14,-0.91,0.44,1.28,41.99,-23.86,,,
53206,-0.05,-0.85,0.60,10.19,19.10,-11.90,,,
53798,-0.03,-0.66,0.74,-48.95,-17.03,-2.99,,,
54391,0.02,-0.77,0.65,-23.25,22.22,5.00,,,
54984,0.01,-0.96,0.38,0.37,35.28,-25.15,,,
55577,-0.04,-0.96,0.39,7.20,41.81,-12.70,,,
56170,0.01,-0.95,0.40,-16.05,-56.46,16.66,,,
56763,-0.04,-0.96,0.19,-11.84,-49.68,45.96,,,
57357,-0.13,-0.88,0.33,5.19,-9.03,-23.38,,,
57949,0.03,-0.98,0.37,-15.44,-19.41,13.31,,,
58542,0.05,-0.97,0.32,-4.82,-0.49,0.85,,,
59135,0.07,-0.97,0.37,-1.04,3.48,-4.64,,,
59779,0.07,-0.93,0.39,-0.79,-1.53,1.77,,,
60372,0.05,-0.94,0.38,0.79,7.63,4.09,,,
60963,0.03,-0.95,0.37,-1.95,-1.46,-0.18,,,
61555,0.04,-0.96,0.36,-2.93,6.16,-2.62,,,
62147,0.05,-0.96,0.34,1.28,-6.29,1.40,,,
62739,0.04,-0.95,0.36,-0.61,-0.98,-0.31,,,
63332,0.04,-0.96,0.34,1.95,-3.54,0.12,,,
63924,0.03,-0.95,0.35,-1.04,-0.31,-0.73,,,
64517,0.03,-0.95,0.35,1.71,-3.36,-0.98,,,
65109,0.03,-0.95,0.37,-2.01,-0.12,-0.24,,,
65701,0.04,-0.95,0.35,-0.92,0.12,0.00,,,
66293,0.03,-0.95,0.36,-0.73,-0.18,0.06,,,
66936,0.04,-0.95,0.36,-0.61,-0.79,-0.24,,,
67529,0.04,-0.95,0.36,0.61,-0.98,0.18,,,
68121,0.04,-0.95,0.35,1.10,0.00,-0.06,,,
68713,0.04,-0.95,0.36,-0.49,-0.43,-0.12,,,
69305,0.04,-0.95,0.35,1.89,-1.59,-0.06,,,
69896,0.04,-0.95,0.36,-0.18,-0.06,-0.37,,,
70490,0.07,-0.98,0.37,0.06,-8.36,-4.82,,,
71082,0.05,-0.96,0.35,-1.28,-1.04,-1.28,,,
71675,0.07,-0.96,0.33,-2.38,1.59,-1.16,,,
72266,0.06,-0.98,0.25,-1.34,-2.26,0.24,,,
72859,0.02,-0.98,0.20,-8.48,16.66,-5.25,,,
73461,0.09,-0.98,0.25,2.32,23.38,-9.70,,,
74095,0.07,-0.97,0.27,0.00,-0.49,-0.43,,,
74688,0.06,-0.98,0.27,0.31,0.98,-0.06,,,
75279,0.06,-0.98,0.28,-0.85,0.67,0.18,,,
75872,0.05,-0.97,0.27,1.10,2.26,0.73,,,
76463,0.05,-0.97,0.27,-1.71,0.79,-0.31,,,
77055,0.05,-0.97,0.27,0.67,-0.79,0.43,,,
77648,0.09,-0.97,0.25,-9.95,-47.12,9.22,,,
78240,0.08,-1.01,0.18,-8.06,-39.55,0.37,,,
78833,0.09,-0.97,0.13,24.29,-60.30,23.25,,,
79425,0.09,-0.94,0.38,-12.51,-1.53,1.59,,,
80017,0.06,-0.97,0.31,-4.39,-6.53,4.70,,,
80618,-0.00,-0.96,0.37,3.48,-2.62,0.24,,,
81253,-0.00,-0.96,0.35,-1.22,-1.89,-2.08,,,
81847,-0.01,-0.95,0.32,1.40,6.53,-5.31,,,
82438,0.01,-0.95,0.34,1.53,-1.22,0.43,,,
83031,-0.00,-0.96,0.35,-0.06,0.79,1.71,,,
83623,-0.00,-0.96,0.34,0.92,-1.10,-0.06,,,
84215,-0.00,-0.96,0.33,-1.04,-0.12,0.18,,,
84808,0.00,-0.96,0.34,-2.08,-1.59,-0.67,,,
85401,0.01,-0.96,0.30,0.06,0.67,-3.05,,,
85994,0.01,-0.97,0.30,-2.14,0.61,-0.55,,,
86586,0.01,-0.97,0.29,0.06,-0.61,-0.37,,,
87178,-0.12,-0.89,0.24,4.27,174.68,-43.88,,,
87779,0.03,-0.98,0.34,4.52,0.73,-1.10,,,
88415,0.00,-0.96,0.34,0.49,-9.58,2.69,,,
89007,0.00,-0.96,0.35,-1.46,0.18,-0.18,,,
89599,0.00,-0.96,0.34,0.12,0.73,0.00,,,
90192,0.01,-0.96,0.32,-0.92,0.61,-1.40,,,
90783,0.03,-0.97,0.32,-0.43,-0.55,-0.12,,,
91376,0.03,-0.95,0.35,3.60,-5.43,0.12,,,
91968,0.03,-0.94,0.36,-0.18,0.37,-0.61,,,
92560,0.02,-0.94,0.41,4.52,-9.16,6.23,,,
93153,0.01,-0.93,0.37,0.92,-4.70,1.16,,,
93745,0.01,-0.94,0.38,1.16,-0.12,15.50,,,
94346,-0.01,-0.91,0.43,3.54,-1.59,-3.60,,,
94938,-0.07,-1.01,0.49,-39.92,-2.62,30.15,,,
95574,0.08,-0.97,0.28,-5.98,-62.62,-16.66,,,
96167,0.02,-0.89,0.32,-31.49,51.03,-24.23,,,
96760,0.15,-0.75,0.81,47.97,-39.73,62.99,,,
97354,0.07,-0.73,0.68,-4.21,-5.62,4.46,,,
97946,0.09,-0.68,0.73,55.30,-18.25,36.87,,,
98539,-0.21,-0.67,0.86,1.34,16.78,42.79,,,
99132,0.08,-0.71,0.77,19.04,-7.81,-10.38,,,
99724,0.08,-0.57,0.97,9.70,-4.64,11.29,,,
100317,0.20,-0.59,0.79,-55.66,12.82,-43.15,,,
100919,0.56,-0.54,0.64,12.39,-6.41,-23.32,,,
101512,0.67,-0.30,0.70,-2.08,-3.85,-12.39,,,
102105,0.71,-0.34,0.65,-8.85,-9.09,5.13,,,
102740,0.59,-0.72,0.47,-27.04,-30.46,57.86,,,
103334,0.30,-0.85,0.44,15.26,-50.48,31.25,,,
103927,0.25,-0.84,0.48,1.28,-33.33,12.33,,,
104520,0.19,-0.93,0.45,4.27,-4.94,-1.22,,,
105113,0.19,-0.94,0.36,-1.04,-10.31,4.64,,,
105705,0.25,-0.97,0.36,-2.14,-18.43,-5.55,,,
106298,0.20,-0.94,0.32,3.23,-1.04,-1.71,,,
106890,0.21,-0.94,0.34,-1.77,5.55,3.30,,,
107483,0.23,-0.96,0.29,2.38,49.44,-15.44,,,
108084,0.05,-0.68,0.71,30.09,61.77,-38.39,,,
108678,-0.03,-0.63,0.78,36.93,19.23,-30.52,,,
109271,-0.06,-0.54,0.88,29.72,55.54,-115.54,,,
109907,-0.13,-0.75,1.21,175.84,26.18,-52.55,,,
110501,-0.28,-0.76,1.25,-86.98,-49.32,-17.27,,,
111094,0.06,-0.69,0.33,-31.80,-114.50,220.70,,,
111688,0.06,-0.36,0.87,69.52,-5.68,85.27,,,
112281,0.05,-0.59,0.92,11.90,31.37,22.64,,,
112873,0.37,-0.47,0.74,-2.32,-66.28,67.87,,,
113466,0.15,-0.73,0.66,5.49,7.51,-18.07,,,
114067,0.18,-0.65,0.87,36.13,-14.22,36.13,,,
114660,-0.02,-0.47,0.78,-0.73,48.77,-63.17,,,
115253,0.12,-0.52,0.87,-2.50,-16.05,26.86,,,
115846,0.07,-0.55,0.81,-0.98,16.54,-35.71,,,
116439,0.06,-0.73,0.64,0.31,1.28,-7.02,,,
117073,0.04,-0.69,0.75,-4.64,3.05,4.82,,,
117666,0.12,-0.82,0.65,4.76,8.48,3.05,,,
118257,0.01,-0.80,0.65,5.37,11.96,-19.71,,,
118851,0.17,-0.74,0.75,-43.88,-87.28,-59.63,,,
119444,-0.08,-0.92,0.14,-57.80,-71.47,-9.40,,,
120037,0.00,-0.90,0.45,-25.63,-17.64,24.96,,,
120639,-0.26,-0.83,0.24,-19.71,-6.35,38.64,,,
121232,-0.04,-0.94,0.24,-25.39,20.45,2.20,,,
121825,-0.02,-1.02,0.07,-12.88,5.00,6.90,,,
122418,0.08,-1.18,0.09,-8.67,-10.80,3.11,,,
123011,0.11,-1.14,0.18,23.38,-5.62,-0.79,,,
123604,-0.11,-0.93,0.22,3.17,-7.26,9.58,,,
124240,-0.03,-0.90,0.25,-10.68,1.83,2.75,,,
124833,-0.01,-0.91,0.52,23.99,14.59,-50.29,,,
125426,-0.04,-0.73,0.65,1.89,-4.58,-10.31,,,
126019,0.03,-0.84,0.61,8.67,-12.21,-3.48,,,
126612,0.05,-0.85,0.52,-37.11,21.30,-21.67,,,
127214,0.11,-0.93,0.40,-5.86,12.82,2.08,,,
127806,0.10,-0.93,0.38,-2.01,2.75,0.00,,,
128398,0.10,-0.94,0.38,-1.53,0.12,0.67,,,
128991,0.11,-0.94,0.39,0.92,0.12,-1.77,,,
129583,0.14,-0.82,0.57,15.50,47.18,-49.80,,,
130176,0.01,-0.51,0.76,17.33,-23.07,49.50,,,
130769,-0.04,-0.53,0.84,-15.44,-23.44,-63.29,,,
131405,0.18,-0.53,0.80,-131.10,-14.34,81.91,,,
131998,0.15,-0.65,1.17,59.02,46.08,-46.20,,,
132590,0.05,-0.69,0.73,-7.51,70.31,-77.94,,,
133184,0.26,-0.52,0.88,8.54,-65.55,64.03,,,
133785,0.32,-0.61,0.69,1.83,13.92,-74.83,,,
134378,0.32,-0.71,0.72,0.61,-3.97,10.07,,,
134971,0.18,-0.63,0.81,15.87,90.45,-54.26,,,
135563,-0.07,-0.56,0.84,1.04,29.36,-72.51,,,
136157,0.10,-0.63,0.87,67.02,42.18,-64.94,,,
136750,-0.01,-0.67,0.92,35.40,52.80,-33.81,,,
137343,0.00,-0.62,0.65,-12.63,-73.85,62.01,,,
137936,0.05,-0.51,0.84,6.47,-27.10,-49.19,,,
138572,0.03,-0.75,0.72,-56.27,-66.96,144.84,,,
139165,-0.02,-0.70,0.73,-0.85,7.20,-55.48,,,
139758,-0.05,-0.63,0.71,-21.85,30.27,28.08,,,
140361,-0.30,-0.73,0.72,-25.27,117.68,-75.93,,,
140954,-0.20,-0.92,0.33,-2.69,-0.85,1.89,,,
141547,-0.24,-0.94,0.23,-5.31,-16.60,2.08,,,
142140,0.19,-0.90,0.95,47.67,-277.65,120.00,,,
142733,-0.08,-0.74,0.72,-22.83,29.30,-106.57,,,
143327,-0.15,-0.70,0.98,117.00,-5.86,17.58,,,
143920,0.03,-0.76,0.92,-13.37,-47.36,28.50,,,
144513,-0.20,-0.76,0.72,-20.32,28.56,-21.30,,,
145106,-0.28,-0.90,0.31,-9.83,-11.41,2.87,,,
145742,-0.21,-0.81,0.53,80.38,-44.43,-7.20,,,
146335,-0.10,-0.60,0.93,17.52,-34.30,57.01,,,
146937,0.11,-0.65,0.74,74.95,-108.40,33.14,,,
147531,0.09,-0.45,0.96,-15.01,18.43,61.22,,,
148124,-0.34,-0.54,1.27,-29.85,-50.54,11.96,,,
148718,0.09,-0.70,0.13,-122.68,-116.39,93.99,,,
149311,0.08,0.02,0.50,205.69,37.72,-41.81,,,
149905,0.10,-0.67,0.60,67.93,-6.71,-85.33,,,
150498,0.02,0.36,0.64,-113.46,-13.67,91.49,,,
151091,-0.04,-0.52,0.59,-123.66,-11.23,30.15,,,
151685,0.11,-0.81,1.45,266.97,36.68,-60.79,,,
152278,0.25,-0.49,0.88,96.25,0.61,-30.82,,,
152923,-0.14,-0.88,1.18,208.74,144.41,-105.04,,,
153517,0.15,-0.50,0.68,63.17,137.63,53.04,,,
154110,0.35,-0.22,1.38,-245.85,55.73,-172.24,,,
154704,0.03,-0.94,2.12,385.74,41.08,-50.54,,,
155297,-0.12,-0.78,0.55,-93.38,102.84,-82.21,,,
155891,0.04,-1.12,0.25,-137.15,94.06,-24.11,,,
156484,0.00,-1.01,-0.19,-13.43,-5.13,4.03,,,
157077,0.08,-0.95,-0.29,0.31,-1.28,2.62,,,
157669,0.09,-0.91,-0.37,-3.36,8.91,-0.55,,,
158261,0.13,-0.90,-0.38,-2.26,-0.24,-0.92,,,
158855,0.11,-0.90,-0.38,5.98,-5.07,2.81,,,
159456,0.15,-0.91,-0.35,-0.55,-0.73,1.59,,,
160093,0.11,-0.93,-0.31,-1.95,0.43,0.55,,,
160685,0.12,-0.92,-0.32,-0.61,-1.22,-0.24,,,
161278,0.13,-0.94,-0.34,5.74,-3.36,-3.05,,,
161872,0.05,-0.98,0.05,15.08,-23.13,-3.30,,,
162464,0.07,-0.99,0.10,-8.00,8.54,-0.98,,,
163058,0.09,-1.01,0.04,2.14,-1.10,2.26,,,
163650,0.08,-0.99,0.07,-1.89,-0.67,-3.42,,,
164243,0.10,-1.00,0.09,4.09,-1.46,1.53,,,
164835,0.09,-1.00,0.06,-2.99,0.18,1.28,,,
165427,0.08,-1.00,0.05,2.26,-3.54,-0.43,,,
166029,0.16,-1.01,0.08,8.85,-30.27,11.35,,,
166665,0.00,-0.97,0.04,-15.87,-38.82,12.39,,,
167258,-0.06,-1.01,0.04,-1.10,-0.24,-3.91,,,
167851,-0.07,-1.01,0.03,-0.61,-3.23,0.73,,,
168443,-0.06,-1.01,0.05,2.26,-1.04,0.24,,,
169036,0.01,-1.01,0.04,-7.02,51.51,-12.76,,,
169629,0.06,-1.02,0.01,-1.95,3.42,-9.22,,,
170222,0.06,-1.01,-0.03,-2.20,0.98,-1.04,,,
170814,0.05,-1.00,-0.03,1.28,0.61,-0.79,,,
171407,0.05,-1.00,-0.03,-0.98,-1.34,-0.06,,,
172000,0.06,-1.00,-0.01,1.10,0.85,-0.73,,,
172592,0.06,-1.00,-0.01,-0.43,1.04,-2.20,,,
173194,0.06,-1.00,-0.02,-0.79,1.89,-1.04,,,
173830,0.04,-1.01,-0.01,1.59,0.43,1.22,,,
174423,0.06,-0.98,-0.11,-26.55,28.56,7.14,,,
175016,0.03,-0.99,-0.15,-13.85,19.78,-6.65,,,
175609,-0.01,-0.96,-0.23,7.02,-8.12,9.64,,,
176203,-0.37,-1.10,-0.07,-33.14,42.85,-1.34,,,
176796,-0.33,-0.99,-0.13,28.63,-26.86,7.39,,,
177390,-0.23,-0.90,-0.07,42.79,6.41,-7.14,,,
177983,0.18,-1.02,0.14,62.99,96.62,-46.14,,,
178577,-0.11,-1.05,0.29,-9.16,2.87,-13.92,,,
179169,-0.16,-0.88,0.61,88.99,-64.88,21.42,,,
179771,-0.09,-0.52,0.68,-19.59,-75.68,99.67,,,
180365,-0.01,-0.52,0.89,22.95,-24.96,49.93,,,
181001,-0.07,-0.59,0.88,-22.77,-9.52,101.07,,,
181595,0.05,-0.38,0.89,-40.53,21.97,-31.98,,,
182188,-0.26,-0.90,0.88,127.69,12.08,81.67,,,
182781,-0.16,-0.78,0.80,-5.62,-33.20,8.42,,,
183374,-0.22,-0.68,0.74,2.32,23.68,-16.54,,,
183967,-0.20,-0.70,0.67,32.41,-59.94,-3.72,,,
184561,-0.20,-0.80,1.13,105.53,-22.71,24.35,,,
185153,0.16,-0.70,0.81,-2.50,-126.40,41.08,,,
185756,0.23,-0.71,0.67,-14.95,37.41,-18.37,,,
186349,-0.02,-0.59,0.91,5.86,31.19,-12.02,,,
186942,-0.04,-0.52,0.85,71.84,34.91,-61.52,,,
187536,-0.08,-0.52,0.86,-6.35,14.10,41.75,,,
188171,-0.10,-0.65,0.97,39.25,12.33,18.19,,,
188765,0.10,-0.73,0.59,-18.49,-27.16,-3.54,,,
189358,0.09,-0.69,0.69,29.91,-13.85,13.49,,,
189950,-0.10,-0.54,0.84,23.19,30.64,-18.01,,,
190543,0.05,-0.51,0.95,52.37,10.74,-7.14,,,
191136,-0.08,-0.68,0.66,-26.55,-1.28,2.81,,,
191729,0.04,-0.70,0.70,44.68,-0.67,-5.74,,,
192331,-0.10,-0.50,1.02,0.43,38.88,-38.09,,,
192924,-0.17,-0.43,0.95,13.98,-23.44,16.78,,,
193517,-0.07,-0.45,1.00,-4.94,8.79,-12.15,,,
194110,0.09,-0.79,0.99,-107.79,-281.13,231.14,,,
194747,0.22,-0.41,1.28,-216.92,-26.18,-81.73,,,
195340,-0.14,-0.64,0.79,30.33,-30.33,-18.80,,,
195934,-0.09,-0.62,0.81,-1.95,1.16,-0.06,,,
196527,-0.08,-0.63,0.81,-2.38,-1.10,1.34,,,
197119,-0.08,-0.66,0.79,-11.41,-10.44,-1.83,,,
197712,-0.06,-0.69,0.75,-5.13,22.34,-19.59,,,
198305,-0.05,-0.70,0.75,0.37,0.61,-0.67,,,
198907,-0.26,-0.69,0.71,45.41,53.65,-33.39,,,
199500,-0.03,-0.59,0.77,4.58,1.10,-3.11,,,
200094,-0.04,-0.68,0.76,-6.71,5.49,-3.91,,,
200686,-0.04,-0.70,0.75,3.11,22.16,-6.29,,,
201279,-0.13,-0.64,0.82,16.17,5.49,-3.23,,,
201916,-0.16,-0.48,0.85,19.71,5.25,-18.49,,,
202509,-0.18,-0.43,0.95,19.96,-9.64,4.64,,,
203103,-0.16,-0.30,0.97,26.18,-7.51,3.66,,,
203695,-0.14,-0.40,0.94,3.66,0.06,-2.20,,,
204287,-0.16,-0.12,1.11,50.05,11.23,8.36,,,
204880,-0.23,-0.52,0.86,-83.25,-15.56,35.83,,,
205482,-0.09,-0.67,0.99,40.89,-21.18,-12.27,,,
206076,-0.19,-0.58,0.85,2.62,41.44,-13.00,,,
206669,-0.06,-0.58,0.78,42.66,5.13,-15.44,,,
207262,-0.12,-0.25,0.93,51.70,-40.83,35.58,,,
207855,-0.05,-0.47,0.93,-26.37,-31.13,57.68,,,
208448,-0.03,-0.59,0.89,-55.91,1.83,-47.85,,,
209084,-0.19,-0.91,0.44,2.62,3.91,-1.40,,,
209676,-0.17,-0.90,0.47,3.17,5.80,-2.44,,,
210270,0.07,-0.95,0.36,-11.05,7.57,-14.89,,,
210863,0.11,-0.99,0.42,6.23,2.62,-8.18,,,
211456,0.06,-0.78,0.63,16.42,-12.15,15.81,,,
212057,0.09,-0.77,0.70,-1.53,-4.15,-7.75,,,
212650,0.13,-0.77,0.69,-3.23,4.58,-2.93,,,
213243,0.43,-0.82,0.26,31.01,-15.56,58.23,,,
213836,-0.01,-0.47,0.79,-34.97,4.39,54.50,,,
214430,0.09,-0.64,0.82,-4.03,3.54,3.11,,,
215022,0.05,-0.66,0.78,-3.05,0.67,-1.65,,,
215614,0.04,-0.68,0.77,-0.49,-1.04,0.92,,,
216250,0.04,-0.67,0.75,-3.17,-0.55,-0.61,,,
216842,0.04,-0.70,0.76,-1.65,-0.18,-0.06,,,
217436,0.05,-0.74,0.79,-24.29,24.84,-30.21,,,
218029,-0.14,-0.77,0.58,19.29,24.96,-49.01,,,
218631,-0.06,-1.05,0.34,-42.79,53.96,21.30,,,
219224,-0.03,-0.98,0.11,-1.95,-12.45,-2.38,,,
219816,-0.15,-0.99,0.10,-1.40,3.11,-1.28,,,
220410,0.00,-1.02,-0.04,0.67,8.12,-16.42,,,
221002,0.22,-0.87,-0.13,40.53,-150.15,43.33,,,
221596,-0.14,-0.97,0.20,-4.46,1.46,-3.66,,,
222188,-0.05,-0.99,0.23,0.06,-4.21,-0.31,,,
222824,-0.04,-0.97,0.23,7.93,-3.91,-2.44,,,
223417,-0.02,-0.97,0.29,-1.04,0.18,-0.79,,,
224009,-0.02,-0.97,0.27,0.00,0.37,-1.16,,,
224602,-0.05,-0.91,0.40,-0.61,-1.46,7.20,,,
225204,-0.04,-0.93,0.41,-0.31,-2.87,-1.89,,,
225797,-0.04,-0.93,0.41,-0.61,2.93,0.98,,,
226389,-0.05,-0.91,0.39,9.09,15.01,-13.92,,,
226982,-0.01,-0.93,0.42,0.49,0.31,-0.06,,,
227576,-0.00,-0.94,0.43,2.56,-3.85,2.08,,,
228168,-0.00,-0.93,0.42,-2.93,0.98,-0.18,,,
228762,-0.19,-0.73,0.87,122.56,-62.44,7.02,,,
229355,0.49,-0.98,0.72,265.14,95.83,197.02,,,
229991,-1.10,-3.37,-3.01,-236.88,-189.09,50.72,,,
230585,0.42,-0.50,0.57,104.43,152.53,260.07,,,
231178,0.98,-0.86,3.22,183.29,-1.46,179.69,,,
231781,0.70,-0.36,0.51,-302.12,-170.17,67.93,,,
232374,0.27,-0.36,1.72,170.29,-108.83,106.38,,,
232968,-0.34,-0.57,1.23,615.30,42.48,-88.56,,,
233562,-0.21,-0.41,0.32,-350.77,-6.96,-216.49,,,
234155,0.24,-1.32,2.40,249.02,256.04,-225.83,,,
234749,1.06,-0.84,0.00,129.76,-152.04,388.67,,,
235343,0.93,0.17,1.23,375.00,-36.07,-184.08,,,
235937,0.42,-0.52,1.02,-28.38,54.26,60.91,,,
236530,0.73,-0.37,0.95,222.17,-14.65,72.14,,,
237167,1.06,-0.43,1.13,130.07,203.00,119.81,,,
237769,0.33,-0.89,1.07,309.33,-99.73,-45.47,,,
238362,0.23,-0.51,0.92,-64.33,23.32,45.10,,,
238956,0.50,-0.86,0.52,20.75,-24.29,6.77,,,
239549,0.53,-0.79,0.50,-12.21,-24.48,-28.38,,,
240143,0.34,-0.82,0.61,-3.30,14.04,9.40,,,
240736,0.41,-0.78,0.58,-1.16,-15.32,10.99,,,
241328,0.40,-0.81,0.51,-2.08,5.62,-5.49,,,
241922,0.40,-0.73,0.72,-18.19,35.03,-42.18,,,
242515,0.24,-0.74,0.61,2.26,-5.98,-13.67,,,
243109,0.23,-0.71,0.73,34.18,-3.48,16.72,,,
243701,0.21,-0.62,0.79,10.56,1.28,-7.81,,,
244347,0.29,-0.59,0.79,-0.55,-58.96,55.91,,,
244940,0.28,-0.47,0.89,29.72,-88.32,66.59,,,
245533,0.41,-0.49,0.90,24.41,-29.72,41.26,,,
246127,0.29,-0.64,0.76,43.09,-22.89,70.86,,,
246720,0.07,-0.75,0.80,-46.08,128.30,-80.99,,,
247314,0.28,-0.84,0.74,24.29,-20.94,16.91,,,
247907,0.15,-0.85,0.59,-14.34,43.27,-85.82,,,
248500,0.12,-0.62,1.04,110.72,70.31,-34.91,,,
249093,0.87,-2.01,-0.45,-413.76,178.83,-109.38,,,
249687,0.44,-0.53,0.49,61.52,88.75,6.35,,,
250281,1.51,1.02,0.06,-267.82,-228.88,-112.61,,,
250926,0.83,-0.19,-0.27,192.02,441.10,-13.06,,,
251519,-0.18,-1.48,2.22,98.45,40.59,-200.50,,,
252113,-0.11,-0.94,0.44,-23.32,-156.31,108.40,,,
252706,-0.05,-0.89,0.53,59.88,29.97,21.18,,,
253300,-0.08,-0.79,0.68,-1.04,56.21,-28.63,,,
253893,-0.48,-0.74,0.65,-57.37,89.66,-85.75,,,
254487,-0.36,-0.29,0.43,135.31,45.47,-57.43,,,
255081,0.24,-0.80,0.90,-96.80,56.52,56.64,,,
255673,0.07,-0.69,0.72,0.06,-4.52,-1.16,,,
256266,0.32,-0.63,0.70,-13.79,-9.34,7.93,,,
256867,0.51,-0.71,0.60,-1.95,-87.83,27.65,,,
257461,0.08,-0.83,0.58,-73.73,122.25,17.58,,,
258097,0.20,0.13,-0.34,66.35,20.39,309.51,,,
258691,-0.06,-2.36,0.86,-241.94,176.39,-188.54,,,
259284,-0.29,-0.65,1.03,-124.08,-70.31,120.73,,,
259878,-0.24,-0.50,0.82,67.44,18.86,-106.45,,,
260472,-0.25,-0.35,0.83,-125.18,36.62,-37.41,,,
261066,-0.23,-0.53,0.74,3.72,60.06,-64.58,,,
261659,-0.20,-0.71,0.54,15.50,10.31,-47.49,,,
262253,-0.27,-0.74,0.61,-34.55,3.85,15.50,,,
262846,-0.21,-0.51,0.87,64.70,37.90,-187.93,,,
263448,-0.18,-0.47,0.84,-12.02,23.01,10.13,,,
264041,-0.21,-0.52,0.83,18.31,18.92,13.12,,,
264678,0.14,-0.81,0.54,-118.35,-129.88,-6.84,,,
265272,-0.13,-0.54,0.94,-5.86,-20.87,109.92,,,
265866,-0.31,-0.50,0.93,4.76,19.59,-36.99,,,
266459,-0.06,-0.68,0.76,-23.44,73.12,-57.01,,,
267052,-0.17,-0.78,0.80,22.64,-7.75,10.50,,,
267646,-0.23,-0.71,0.72,29.97,13.00,-53.47,,,
268239,-0.15,-0.76,0.60,-59.27,28.38,11.96,,,
268833,-0.31,-0.91,0.33,-29.11,-43.33,-26.73,,,
269435,0.02,-1.20,0.23,9.09,18.55,40.10,,,
270028,-0.08,-1.03,0.11,6.53,-5.25,11.29,,,
270620,-0.13,-0.98,0.13,-1.34,-5.55,1.89,,,
271213,-0.10,-1.00,-0.00,-13.18,-21.12,-1.59,,,
271850,-0.16,-0.99,-0.04,0.61,-3.48,-1.83,,,
272442,-0.18,-0.96,-0.00,12.21,-14.04,13.43,,,
273037,-0.30,-0.96,0.09,7.51,-6.96,-3.42,,,
273629,-0.15,-1.02,0.12,14.10,-63.23,-22.09,,,
274223,0.12,-0.99,0.15,-16.42,-89.05,-1.89,,,
274817,0.10,-1.04,0.05,2.01,-11.60,-0.12,,,
275410,0.11,-0.98,0.10,2.26,3.85,-18.19,,,
276012,0.15,-0.97,0.15,-1.40,2.50,-4.33,,,
276605,0.10,-0.95,0.21,-13.92,71.59,14.04,,,
277198,0.11,-0.99,0.27,-3.23,-2.14,-2.26,,,
277790,-0.04,-0.98,0.28,-0.43,53.65,29.97,,,
278383,0.02,-0.98,0.20,1.04,-0.55,2.14,,,
279019,-0.05,-0.98,0.23,0.12,3.23,3.23,,,
279611,-0.02,-0.95,0.21,-3.60,27.47,-19.29,,,
280205,-0.00,-0.98,0.22,-0.73,-2.20,-1.77,,,
280798,0.07,-1.03,0.27,-12.08,1.34,8.67,,,
281390,-0.03,-0.99,0.16,-0.24,3.36,-0.24,,,
281983,-0.02,-0.99,0.10,-0.67,0.43,-0.79,,,
282585,0.06,-1.01,0.13,9.03,2.08,-0.49,,,
283178,-0.03,-0.98,0.30,3.36,16.42,5.62,,,
283770,-0.04,-0.97,0.31,1.28,-3.97,0.55,,,
284363,-0.05,-0.96,0.32,-1.89,1.95,0.92,,,
284956,-0.05,-0.96,0.32,1.28,-1.28,2.01,,,
285548,-0.06,-0.96,0.32,-0.67,0.43,-2.50,,,
286184,-0.04,-0.96,0.31,-0.55,-3.05,1.04,,,
286777,-0.04,-0.97,0.31,-1.59,-0.12,-1.71,,,
287371,0.02,-0.97,0.28,-5.31,14.53,-37.05,,,
287963,0.12,-0.87,0.44,51.88,-15.32,2.87,,,
288557,0.12,-0.52,0.90,-8.18,13.79,-27.83,,,
289150,-0.26,-0.14,0.96,-26.73,-46.08,-7.08,,,
289752,-0.13,-0.17,0.85,15.08,1.34,-4.76,,,
290346,-0.03,-0.23,0.93,6.53,-11.05,-9.58,,,
290938,0.02,-0.17,0.99,-23.62,-11.66,9.28,,,
291532,-0.04,-0.29,1.00,-2.93,-7.08,-5.55,,,
292124,0.01,-0.46,0.84,3.17,21.36,-7.69,,,
292760,-0.05,-0.48,0.93,1.77,-13.31,47.73,,,
293354,-0.02,-0.56,0.86,-9.89,198.73,-145.39,,,
293947,-0.33,-0.71,0.75,-36.25,24.11,-10.93,,,
294541,-0.31,-0.92,0.37,-31.86,-60.30,-14.71,,,
295134,-0.10,-1.03,0.02,-23.44,-53.96,55.42,,,
295736,-0.14,-0.88,0.26,0.85,-52.37,14.95,,,
296329,-0.09,-1.08,0.21,-29.48,21.42,14.47,,,
296921,-0.05,-0.67,0.48,53.41,-49.56,68.36,,,
297515,-0.11,-0.51,0.94,32.35,-10.93,2.20,,,
298108,-0.07,-0.37,0.75,19.35,32.71,3.05,,,
298702,-0.10,-0.13,0.90,-21.73,-2.56,55.85,,,
299294,-0.02,-0.58,1.07,32.23,140.20,24.41,,,
299930,-0.27,-0.48,0.77,0.55,6.71,-5.00,,,
300524,-0.07,-0.47,0.84,-0.12,26.98,-68.66,,,
301116,-0.15,-0.48,0.83,-19.53,-48.10,40.22,,,
301710,-0.05,-0.49,0.93,-21.48,-30.15,-7.75,,,
302312,-0.10,-0.44,0.87,-7.93,-12.82,29.79,,,
302905,-0.00,-0.32,1.07,65.25,-12.15,39.86,,,
303498,0.02,-0.37,0.94,-2.32,-41.38,45.29,,,
304091,0.03,-0.42,0.97,-34.55,47.73,-76.97,,,
304685,-0.08,-0.42,0.88,16.54,18.68,-4.33,,,
305277,-0.10,-0.47,0.95,-11.11,15.56,-10.93,,,
305871,0.01,-0.54,1.06,7.14,98.57,-150.27,,,
306464,-0.61,-0.64,0.74,-58.65,109.01,-82.82,,,
307100,-0.38,-0.57,0.72,12.21,-7.20,-6.90,,,
307694,-0.43,-0.54,0.77,-1.04,-1.71,-1.28,,,
308287,-0.43,-0.54,0.75,-0.61,-1.95,0.24,,,
308889,-0.30,-0.70,0.58,0.49,-11.29,2.14,,,
309482,-0.13,-0.89,0.29,-1.34,-93.08,-5.25,,,
310075,-0.19,-0.94,0.33,15.75,-101.68,33.57,,,
310668,0.21,-0.91,0.32,1.22,-33.63,35.64,,,
311261,0.07,-0.79,0.28,62.81,48.10,-39.43,,,
311854,0.23,-0.83,0.58,10.38,11.66,-3.54,,,
312447,-0.10,-0.54,1.05,11.54,105.71,-34.97,,,
313041,-0.14,-0.48,0.87,27.40,1.83,-54.26,,,
313634,-0.00,-0.37,1.06,-0.98,-11.35,7.57,,,
314322,0.13,-0.48,0.96,11.41,62.93,-79.71,,,
314916,0.06,-0.60,0.89,-44.86,-21.79,-44.25,,,
315517,-0.04,-0.66,0.82,57.07,3.30,46.51,,,
316111,-0.10,-0.46,0.87,11.90,17.15,-32.59,,,
316704,-0.02,-0.45,0.99,44.37,-32.17,50.05,,,
317296,-0.05,-0.29,0.92,-13.18,-18.55,-23.62,,,
317890,-0.04,-0.42,0.93,-2.44,-3.60,2.01,,,
318482,-0.07,-0.52,0.83,17.94,-2.14,1.40,,,
319076,0.03,-0.58,0.84,-29.11,-69.46,83.31,,,
319669,0.19,-0.66,0.74,-3.48,6.71,-2.26,,,
320262,0.20,-0.66,0.75,2.20,-3.05,-0.98,,,
320898,0.08,-0.45,0.74,8.24,37.78,-49.38,,,
321490,-0.20,-0.48,1.06,-226.01,-27.53,42.36,,,
322093,-0.16,-0.71,0.67,-62.26,-23.99,-68.79,,,
322687,-0.10,-0.65,1.01,72.39,3.30,16.54,,,
323280,-0.00,-0.56,0.91,3.72,-37.35,34.67,,,
323873,0.26,-0.54,0.89,15.01,-63.96,81.91,,,
324467,0.01,-0.76,0.97,29.79,-34.55,-91.98,,,
325060,0.06,-0.60,0.84,17.40,35.52,16.66,,,
325653,-0.06,-0.50,0.89,10.25,0.18,10.56,,,
326246,0.02,-0.50,0.85,-22.46,29.36,-69.09,,,
326839,-0.01,-0.43,0.90,1.04,-9.09,21.18,,,
327432,0.01,-0.43,0.88,4.03,7.14,9.09,,,
328068,-0.01,-0.38,0.85,11.90,18.68,-13.61,,,
328670,-0.07,-0.28,0.95,8.61,32.23,-65.19,,,
329263,-0.14,-0.08,0.98,42.36,0.79,-17.70,,,
329856,-0.01,-0.12,0.96,31.92,-9.52,-5.74,,,
330450,-0.14,-0.35,0.88,-2.87,6.35,6.59,,,
331042,-0.31,-0.57,0.82,29.48,31.68,-59.63,,,
331636,-0.10,-0.64,0.75,19.53,50.90,-34.36,,,
332229,-0.17,-0.47,0.98,-27.53,13.85,-3.60,,,
332821,-0.02,-0.48,2.00,107.73,580.99,-76.66,,,
333416,-0.28,-0.36,0.56,58.78,-7.75,-63.90,,,
334009,-0.07,-0.08,0.52,-150.76,19.65,-4.15,,,
334666,-0.28,-0.57,0.77,-43.95,26.55,2.69,,,
335258,-0.01,-0.62,0.88,1.71,-70.50,35.58,,,
335851,0.17,-0.61,0.82,12.39,-125.61,87.95,,,
336445,0.03,-0.71,0.86,-0.49,31.31,-3.54,,,
337038,-0.04,-0.60,0.91,-15.14,17.40,-4.21,,,
337632,-0.09,-0.58,0.84,-4.52,-2.38,-29.24,,,
338225,-0.14,-0.62,0.78,30.64,-2.32,-2.81,,,
338818,-0.12,-0.77,0.96,16.54,-52.61,89.72,,,
339411,-0.11,-0.55,0.87,-114.32,-28.32,-65.73,,,
340005,-0.28,-0.83,1.02,151.37,-35.89,15.93,,,
340599,-0.04,-0.63,0.60,-21.30,-62.81,40.71,,,
341201,-0.09,-0.59,0.78,20.75,26.98,-64.94,,,
341838,-0.02,-0.69,0.73,-90.21,-12.70,71.84,,,
342431,-0.09,-0.61,0.70,-43.21,-11.41,-23.62,,,
343024,0.01,-0.69,0.57,-23.38,-5.98,19.23,,,
343618,-0.04,-0.65,0.70,32.71,-2.26,-8.97,,,
344211,-0.03,-0.62,0.76,-29.24,-16.78,55.66,,,
344805,-0.10,-0.52,0.84,27.77,47.49,-68.42,,,
345398,-0.06,-0.40,0.97,46.14,13.67,-31.68,,,
345992,-0.01,-0.55,0.91,-101.75,-36.32,51.70,,,
346585,0.02,-0.71,0.71,-51.27,-42.79,13.55,,,
347178,0.07,-0.96,0.45,-35.83,-17.58,4.21,,,
347764,0.12,-0.95,-0.13,-8.54,-11.17,-13.73,,,
348357,0.08,-0.99,-0.02,1.04,-2.14,8.18,,,
348993,0.16,-1.07,0.02,-6.77,-63.72,11.35,,,
349586,0.04,-1.01,-0.04,1.46,-4.03,0.85,,,
350180,0.03,-1.00,-0.05,0.98,-4.70,-3.23,,,
350773,-0.10,-1.00,0.25,18.62,5.25,-8.06,,,
351365,-0.07,-0.96,0.31,6.84,2.62,-3.85,,,
351958,-0.04,-0.85,0.38,20.20,45.17,-30.21,,,
352551,0.06,-0.90,0.46,-1.16,-8.73,-1.59,,,
353145,0.06,-0.90,0.47,0.12,0.06,-0.73,,,
353737,0.09,-0.92,0.42,5.98,46.81,-47.24,,,
354338,0.08,-0.92,0.43,-2.38,-2.69,0.49,,,
354931,0.06,-0.90,0.42,-2.81,-4.09,-0.31,,,
355524,0.02,-0.92,0.40,-0.49,-1.22,2.32,,,
356160,-0.12,-0.72,0.71,-1.65,3.42,-3.66,,,
356753,-0.09,-0.74,0.70,-2.99,-4.76,0.18,,,
357346,-0.04,-0.70,0.70,33.45,-61.83,39.12,,,
357939,-0.17,-0.70,0.73,-47.24,23.68,16.30,,,
358532,-0.18,-0.70,0.78,16.48,-4.39,3.23,,,
359126,0.02,-0.91,0.66,-50.42,-47.55,-24.05,,,
359719,0.12,-0.93,0.44,7.26,-33.57,-5.98,,,
360313,0.10,-0.95,0.26,8.79,6.41,-13.24,,,
360914,-0.10,-0.62,0.80,84.17,50.29,2.38,,,
361506,-0.21,-0.31,0.96,-19.23,4.46,-5.80,,,
362099,-0.15,-0.47,0.91,-3.54,-1.59,-1.04,,,
362692,-0.05,-0.70,0.78,-46.02,-42.66,20.57,,,
363330,0.01,-0.89,0.50,0.24,-0.79,2.69,,,
363923,-0.07,-0.96,0.36,-0.55,-5.19,6.10,,,
364516,-0.07,-0.95,0.36,0.85,0.06,0.37,,,
365108,0.05,-0.94,0.37,29.42,-20.57,-14.47,,,
365701,-0.00,-0.50,0.93,-3.72,52.67,-35.03,,,
366295,0.20,-0.40,0.87,-47.97,-8.18,43.21,,,
366888,-0.19,-0.53,0.85,49.99,-30.88,-19.10,,,
367492,0.05,-1.00,0.48,-149.35,-64.27,185.85,,,
368085,-0.03,-0.66,1.12,1.89,17.09,35.46,,,
368678,0.01,-0.64,0.84,65.67,91.98,-88.93,,,
369271,-0.06,-0.81,0.69,-72.45,-66.71,127.99,,,
369865,-0.09,-0.63,0.86,140.56,-54.08,9.52,,,
370502,-0.10,-0.55,0.76,-67.14,-34.55,-81.30,,,
371095,-0.10,-0.65,1.26,96.68,21.36,-26.49,,,
371689,0.10,-0.70,1.03,44.98,0.73,1.65,,,
372281,-0.06,-0.57,0.70,-30.40,6.84,-29.66,,,
372874,-0.14,-0.62,0.86,3.36,26.49,23.68,,,
373477,-0.23,-0.54,0.81,7.32,33.75,-55.73,,,
374070,-0.22,-0.51,0.85,5.92,1.53,-12.94,,,
374664,-0.47,-0.56,0.76,62.68,118.84,-65.49,,,
375258,-0.42,-0.63,0.67,-45.53,9.40,-6.47,,,
375852,0.20,-1.01,0.43,-85.57,66.71,-81.60,,,
376445,-0.13,-0.94,-0.32,-22.22,55.11,-8.91,,,
377038,0.03,-0.93,-0.23,-1.40,1.40,2.38,,,
377675,0.05,-1.03,0.02,59.88,-54.69,-17.40,,,
378268,0.02,-0.99,0.15,-6.04,4.52,1.10,,,
378862,0.06,-0.99,0.19,7.32,-3.11,-0.55,,,
379454,0.05,-0.99,0.21,3.60,-2.99,-5.19,,,
380056,0.07,-0.99,0.22,0.98,-3.48,0.79,,,
380649,0.03,-0.96,0.14,-5.25,-35.28,26.49,,,
381242,0.12,-1.00,0.04,-23.13,4.03,-4.52,,,
381836,0.09,-1.00,-0.02,-0.61,-1.10,-1.34,,,
382429,0.09,-1.00,0.00,-0.79,0.18,0.24,,,
383021,0.10,-1.00,-0.03,-1.89,-2.14,-4.70,,,
383614,0.13,-0.98,-0.07,-13.06,3.11,-4.88,,,
384250,0.17,-0.97,-0.13,0.24,0.31,-1.89,,,
384843,0.16,-0.98,-0.12,0.12,-0.55,0.18,,,
385436,0.15,-0.98,-0.12,-0.61,0.49,0.49,,,
386029,0.20,-0.94,-0.24,-23.68,22.46,6.77,,,
386631,0.15,-0.95,-0.28,-2.38,1.59,-1.34,,,
387224,0.20,-0.94,-0.29,-4.46,13.61,2.20,,,
387817,0.19,-0.93,-0.28,1.95,-4.70,1.28,,,
388410,0.15,-0.94,-0.27,-0.55,-0.31,-1.16,,,
389003,0.14,-0.94,-0.27,0.67,-0.92,-0.61,,,
389596,0.14,-0.95,-0.27,-0.12,0.61,0.00,,,
390188,0.14,-0.95,-0.27,0.06,-0.55,0.55,,,
390781,0.14,-0.95,-0.27,0.12,0.73,-0.18,,,
391417,0.13,-0.95,-0.28,-0.92,-1.77,-0.61,,,
392011,0.06,-1.03,-0.15,43.82,-60.49,-21.73,,,
392603,0.06,-1.00,-0.08,0.61,0.12,-0.24,,,
393197,0.07,-0.99,-0.08,-1.59,0.73,-0.55,,,
393798,0.10,-0.90,0.12,63.72,-114.56,23.56,,,
394391,-0.26,-0.87,0.73,65.49,-76.35,68.30,,,
394985,-0.12,-0.72,0.59,-24.41,-65.67,37.60,,,
395578,0.18,-0.90,0.51,6.29,-40.22,11.66,,,
396171,0.10,-0.82,0.51,7.02,2.08,12.94,,,
396764,0.02,-0.41,0.96,68.36,-22.16,5.25,,,
397357,0.20,-0.20,0.99,1.40,-8.48,7.32,,,
397949,0.22,-0.23,0.98,-1.40,-0.92,0.00,,,
398583,0.23,-0.25,0.98,8.73,-1.40,2.44,,,
399177,0.25,-0.21,0.98,-2.69,-1.34,5.98,,,
399769,0.31,-0.27,0.94,-0.37,0.37,0.00,,,
400371,0.31,-0.27,0.95,-0.49,-0.24,-0.49,,,
400964,0.31,-0.27,0.95,-2.44,0.18,0.24,,,
401557,0.31,-0.26,0.95,-0.73,0.00,0.12,,,
402149,0.30,-0.25,0.96,7.14,-1.46,-1.89,,,
402742,0.30,-0.21,0.96,1.71,-0.92,-1.10,,,
403335,0.30,-0.20,0.97,0.49,-0.31,-0.12,,,
403928,0.30,-0.19,0.97,-0.37,-0.06,-0.24,,,
404521,0.30,-0.17,0.97,-0.73,0.98,-1.71,,,
405114,0.28,-0.15,0.98,1.95,0.37,-2.87,,,
405749,0.27,-0.13,0.99,0.00,0.12,-0.18,,,
406342,0.27,-0.13,0.99,-0.49,-0.12,-0.37,,,
406944,0.26,-0.12,0.99,0.61,-0.12,-0.55,,,
407537,0.26,-0.12,0.99,-0.18,0.24,-0.31,,,
408129,0.25,-0.12,0.99,0.55,-0.43,-0.06,,,
408722,0.25,-0.11,0.99,-0.37,-0.18,-0.31,,,
409314,0.24,-0.11,1.00,-0.12,-0.12,-0.18,,,
409907,0.24,-0.11,1.00,0.24,-0.24,-0.92,,,
410500,0.24,-0.11,1.00,0.00,0.06,-0.73,,,
411092,0.24,-0.10,1.00,-0.49,-0.18,-0.12,,,
411686,0.23,-0.10,1.00,0.00,-0.49,-0.37,,,
412321,-0.31,-0.61,0.70,-278.20,139.59,-99.73,,,
412914,0.10,-0.99,0.15,7.32,-12.02,0.55,,,
413517,0.12,-0.99,0.10,-20.81,10.86,-4.94,,,
414109,0.12,-1.00,0.07,-1.53,0.61,0.24,,,
414702,0.13,-1.00,0.07,-0.24,-1.53,0.06,,,
415295,0.12,-1.00,0.07,-1.16,0.00,0.24,,,
415887,0.12,-1.00,0.07,-1.34,-0.37,0.06,,,
416479,0.11,-1.00,0.07,-0.79,-0.67,-0.24,,,
417071,0.12,-1.00,0.07,-0.73,-0.06,0.06,,,
417665,0.12,-0.99,0.08,-1.10,-0.12,-0.24,,,
418257,0.12,-1.00,0.06,-2.38,1.10,-0.06,,,
418850,0.12,-1.00,0.02,1.10,-2.20,0.31,,,
419486,0.12,-1.00,0.02,0.67,-0.79,-0.31,,,
420078,0.12,-1.00,0.03,0.67,-0.43,0.24,,,
420706,0.11,-1.01,-0.00,-6.59,4.70,2.08,,,
421306,0.22,-0.95,-0.10,-29.91,41.87,-1.71,,,
421908,0.10,-0.96,-0.25,2.93,-5.43,0.73,,,
422507,0.09,-0.96,-0.25,0.31,-1.65,0.79,,,
423107,0.07,-0.96,-0.24,-0.43,-1.46,0.24,,,
423708,0.06,-0.96,-0.24,0.18,-0.18,0.73,,,
424308,0.07,-0.96,-0.25,-0.31,0.06,0.12,,,
424909,0.06,-0.96,-0.24,0.49,-0.06,0.18,,,
425509,-0.06,-0.94,-0.23,-0.43,-11.23,5.07,,,
426152,-0.13,-1.00,-0.16,-15.81,15.44,3.36,,,
426752,-0.04,-0.94,-0.31,-0.24,-0.43,1.95,,,
427361,-0.05,-0.95,-0.31,0.37,-0.79,0.24,,,
427962,-0.06,-0.94,-0.31,0.55,-1.46,0.49,,,
428563,-0.06,-0.94,-0.31,-0.37,-0.43,0.55,,,
429164,-0.07,-0.95,-0.29,0.43,-1.10,-0.37,,,
429765,-0.01,-0.93,-0.26,33.57,-60.42,-16.91,,,
430366,-0.03,-0.99,0.00,2.81,-2.08,-1.53,,,
430967,-0.01,-1.01,-0.00,-7.69,9.03,2.38,,,
431567,0.04,-0.94,-0.31,3.60,-5.68,0.31,,,
432168,0.05,-0.94,-0.31,0.43,-0.61,0.55,,,
432768,0.04,-0.95,-0.30,-0.18,-0.24,-0.24,,,
433368,0.03,-0.95,-0.30,-0.24,-0.79,0.61,,,
434020,0.02,-0.95,-0.30,0.85,-0.98,-0.92,,,
434621,0.02,-0.95,-0.29,-0.18,-0.49,0.79,,,
435222,0.02,-0.95,-0.29,-0.06,-1.28,-0.37,,,
435822,0.02,-0.95,-0.29,-1.10,-0.67,-0.49,,,
436423,0.01,-0.96,-0.28,-0.98,1.65,-0.12,,,
437023,0.02,-0.95,-0.29,-0.24,0.00,-0.31,,,
437623,0.02,-0.95,-0.29,0.31,-0.92,-0.06,,,
438224,0.01,-0.96,-0.29,-0.06,-1.65,-0.06,,,
438824,0.01,-0.95,-0.28,1.59,-0.37,0.00,,,
439426,0.00,-0.96,-0.27,-0.37,-1.10,0.49,,,
440026,-0.01,-0.96,-0.26,-0.24,-1.46,0.85,,,
440678,0.01,-0.93,-0.29,1.10,-7.39,1.16,,,
441279,-0.03,-0.95,-0.29,2.14,-1.71,2.20,,,
441879,-0.05,-0.95,-0.29,-0.18,0.73,1.40,,,
442481,-0.05,-0.95,-0.29,-0.06,-1.22,0.37,,,
443081,-0.18,-0.98,-0.13,-0.67,-4.15,0.12,,,
443682,-0.19,-0.98,-0.14,-0.24,-1.34,0.43,,,
444282,-0.19,-0.97,-0.14,0.79,-1.28,0.06,,,
444883,-0.18,-0.99,-0.03,-2.75,-10.56,0.79,,,
445484,-0.09,-0.98,-0.02,4.64,-18.80,-3.91,,,
446085,-0.10,-0.97,-0.01,-0.49,-3.36,1.59,,,
446685,-0.11,-1.00,0.02,0.37,-0.61,0.49,,,
447294,-0.11,-1.00,0.02,0.12,-0.06,-0.31,,,
447936,-0.10,-1.00,0.03,-0.06,0.37,-0.37,,,
448538,-0.02,-0.99,-0.16,1.28,-1.71,2.01,,,
449138,-0.03,-0.98,-0.16,-0.43,-15.56,0.98,,,
449739,-0.03,-0.98,-0.16,2.14,-2.20,-0.24,,,
450339,-0.10,-1.02,-0.16,-14.47,27.34,5.37,,,
450939,-0.01,-0.96,-0.26,0.43,-1.22,0.24,,,
451540,-0.00,-0.96,-0.26,0.98,-2.75,-0.49,,,
452141,-0.01,-0.96,-0.25,0.06,-1.10,-0.31,,,
452742,-0.01,-0.96,-0.25,0.06,-0.43,-0.43,,,
453342,-0.01,-0.96,-0.24,-0.67,0.55,-0.31,,,
453951,-0.01,-0.97,-0.24,0.37,-0.31,-0.73,,,
454552,-0.01,-0.96,-0.24,-0.67,-0.67,0.61,,,
455195,-0.01,-0.96,-0.24,0.31,-0.79,0.31,,,
455796,-0.01,-0.97,-0.24,-0.12,-0.24,-0.55,,,
456396,-0.01,-0.97,-0.23,-0.12,-0.73,-0.18,,,
456997,-0.02,-0.97,-0.23,0.55,-1.04,-0.43,,,
457596,-0.02,-0.97,-0.21,0.12,-0.18,0.43,,,
458196,-0.03,-0.97,-0.21,0.24,-0.24,0.43,,,
458797,-0.03,-0.97,-0.21,0.73,-1.59,0.67,,,
459397,-0.03,-0.97,-0.20,-0.92,0.24,-0.06,,,
459999,-0.03,-0.98,-0.20,0.85,-1.40,0.24,,,
460607,-0.03,-0.97,-0.20,-0.24,-0.92,-0.18,,,
461207,-0.03,-0.98,-0.20,0.06,-0.79,0.24,,,
461808,-0.03,-0.98,-0.19,0.31,-0.79,-0.06,,,
462451,-0.03,-0.98,-0.19,0.73,-1.22,0.49,,,
463052,-0.07,-0.99,-0.11,-3.05,4.15,-0.73,,,
463652,-0.06,-0.99,-0.12,-0.43,-0.31,0.12,,,
464252,-0.05,-0.99,-0.12,-0.18,-0.49,-0.31,,,
464854,-0.05,-0.99,-0.12,0.92,-0.61,-0.43,,,
465454,-0.06,-0.99,-0.13,-0.37,-0.24,-0.92,,,
466055,-0.06,-0.99,-0.12,-0.98,0.31,-0.31,,,
466655,-0.07,-1.00,-0.09,0.98,-3.85,0.24,,,
467264,-0.07,-0.99,-0.10,-0.55,-0.31,-0.18,,,
467864,-0.06,-0.99,-0.10,-1.22,-0.67,0.37,,,
468463,-0.07,-0.99,-0.10,0.31,-0.98,0.31,,,
469064,-0.07,-0.99,-0.10,-0.37,-0.79,0.00,,,
469707,-0.06,-0.99,-0.10,5.74,-5.31,0.43,,,
470308,-0.05,-1.00,-0.04,-2.08,-0.73,-0.37,,,
470908,-0.07,-1.01,-0.04,4.76,-6.47,1.04,,,
471507,-0.07,-1.00,0.10,-0.79,-1.10,0.31,,,
472108,-0.09,-1.00,0.09,-1.77,4.82,-3.60,,,
472708,-0.03,-1.00,0.11,1.16,-1.40,-1.16,,,
473309,-0.01,-0.99,0.14,2.08,-3.85,2.93,,,
473918,0.34,-1.12,0.22,-67.14,34.42,13.92,,,
474518,0.24,-0.82,0.15,-80.44,-159.24,117.80,,,
475120,-0.02,-0.55,0.83,86.55,2.01,68.73,,,
475720,0.02,-0.58,0.86,-19.35,-6.77,-108.58,,,
476321,-0.22,-0.87,1.07,138.98,-41.32,53.16,,,
476965,0.01,-0.50,0.74,-21.91,-82.09,75.50,,,
477565,-0.11,-0.53,0.84,23.50,10.13,-73.85,,,
478166,-0.10,-0.53,0.85,28.63,20.02,35.10,,,
478766,-0.08,-0.59,0.74,-47.18,-18.98,-103.21,,,
479368,0.03,-0.29,0.91,-42.24,-10.01,19.10,,,
479978,0.06,-0.42,0.81,14.28,33.14,-16.42,,,
480579,0.03,-0.46,0.77,-8.42,-4.27,25.27,,,
481179,-0.07,-0.62,0.87,-17.27,-37.78,-30.76,,,
481780,0.06,-0.67,0.78,-3.36,-2.38,3.97,,,
482381,0.03,-0.70,0.72,-7.75,22.28,-16.48,,,
482981,0.01,-0.79,0.69,-7.57,1.40,-3.91,,,
483582,0.03,-0.79,0.63,-0.43,-1.83,-0.31,,,
484225,0.04,-0.81,0.63,0.43,1.28,-0.85,,,
484824,0.06,-0.72,0.54,21.00,-22.52,21.48,,,
485426,0.03,-0.53,0.97,-36.44,-17.03,42.24,,,
486026,0.02,-0.56,0.93,-9.52,-19.35,44.92,,,
486637,0.37,-0.79,1.14,34.55,-109.86,44.74,,,
487237,0.09,-0.66,0.80,10.44,-37.60,26.06,,,
487837,0.02,-0.66,0.77,-0.43,-2.69,2.69,,,
488438,-0.03,-0.69,0.74,-3.11,4.76,-0.24,,,
489038,-0.04,-0.70,0.75,1.34,-0.18,0.37,,,
489639,-0.13,-0.65,0.72,25.21,11.47,-11.41,,,
490239,0.08,-0.63,1.00,53.65,4.03,8.06,,,
490840,-0.30,-0.78,0.81,58.41,-11.47,48.52,,,
491484,-0.01,-0.66,0.91,3.30,-24.54,13.49,,,
492084,-0.11,-0.63,0.80,15.20,33.94,-48.65,,,
492686,-0.05,-0.68,0.75,-2.87,-0.73,-0.06,,,
493295,-0.03,-0.71,0.74,8.97,10.62,-4.58,,,
493896,-0.08,-0.54,0.87,-11.47,-1.04,-9.28,,,
494497,0.03,-0.56,0.92,-29.24,-39.92,115.97,,,
495098,-0.05,-0.52,0.84,31.07,-7.69,-53.47,,,
495699,0.19,-0.43,0.82,16.17,-70.62,42.05,,,
496300,0.03,-0.74,0.80,-58.84,-39.61,28.69,,,
496902,0.01,-0.54,0.87,6.90,-13.92,-31.37,,,
497502,-0.03,-0.41,0.97,21.12,-11.96,25.33,,,
498102,-0.07,-0.29,1.07,-46.75,19.17,-31.13,,,
498746,-0.10,-0.38,0.96,-8.61,-0.79,10.01,,,
499346,-0.09,-0.44,0.92,-6.84,3.97,1.59,,,
499956,-0.09,-0.43,0.82,4.46,9.89,3.30,,,
500556,-0.09,-0.48,0.91,24.23,-19.23,78.61,,,
501157,-0.11,-0.51,0.89,17.76,15.01,-7.14,,,
501757,-0.02,-0.54,0.85,-17.33,-1.04,-20.14,,,
502358,0.01,-0.62,0.81,4.76,-4.09,-9.83,,,
502959,0.13,-0.60,0.82,-6.04,-81.30,74.46,,,
503560,0.10,-0.54,0.95,18.49,15.32,-15.20,,,
504162,0.00,-0.45,0.92,-2.81,-2.08,-0.18,,,
504762,-0.06,-0.20,1.00,-14.16,-0.49,12.39,,,
505362,-0.07,-0.29,1.03,-8.24,20.02,-27.04,,,
506008,0.02,-0.53,0.84,-38.33,-7.81,16.66,,,
506617,0.14,-0.44,0.88,-90.03,6.47,37.78,,,
507218,-0.08,-0.51,0.89,1.22,8.00,7.39,,,
507818,-0.12,-0.52,0.88,-1.53,4.88,-1.89,,,
508418,-0.13,-0.52,0.87,-0.85,2.69,-0.85,,,
509020,-0.12,-0.55,0.89,48.10,-24.35,9.58,,,
509621,-0.00,-0.43,0.93,7.08,-4.33,18.92,,,
510222,-0.03,-0.32,0.95,-0.61,0.55,1.77,,,
510822,-0.08,-0.42,0.95,-1.16,-11.54,18.55,,,
511423,0.01,-0.47,0.96,-12.88,-16.36,15.01,,,
512023,-0.13,-0.54,0.91,41.69,40.59,6.84,,,
512624,-0.13,-0.48,0.83,9.58,4.21,-44.86,,,
513277,-0.02,-0.50,0.78,-39.00,-57.56,73.61,,,
513878,-0.01,-0.57,0.78,-8.54,-19.35,-25.15,,,
514480,0.29,-0.64,0.77,-2.32,-109.62,85.33,,,
515081,0.35,-0.61,0.87,27.28,15.63,22.52,,,
515681,-0.03,-0.57,0.92,-30.88,126.40,-131.47,,,
516283,-0.01,-0.61,0.93,27.53,6.29,-38.45,,,
516884,-0.16,-0.66,1.02,62.26,-8.97,-0.31,,,
517485,-0.00,-0.63,0.80,13.18,17.58,-27.71,,,
518086,0.18,-0.71,0.74,-0.61,-7.75,-3.23,,,
518686,0.29,-0.70,0.69,-2.38,0.37,-4.76,,,
519287,0.31,-0.69,0.68,-0.24,-7.02,0.00,,,
519896,0.36,-0.75,0.60,-8.73,-11.72,11.29,,,
520541,0.25,-0.72,0.79,10.62,45.47,-46.51,,,
521141,0.16,-0.68,0.73,13.24,15.56,-3.97,,,
521741,0.03,-0.68,0.68,-11.05,16.85,-5.37,,,
522342,0.19,-0.96,0.48,-1.59,13.61,3.30,,,
522943,0.25,-1.06,0.24,6.10,-3.05,-11.84,,,
523544,0.01,-0.90,0.44,101.99,10.13,-13.49,,,
524145,-0.04,-0.84,0.74,50.29,20.32,17.76,,,
524747,0.11,-0.86,0.48,-55.73,-14.95,-10.80,,,
525347,0.16,-0.90,0.49,5.68,18.80,-11.54,,,
525948,0.16,-0.90,0.47,0.85,-4.58,7.87,,,
526558,0.11,-0.88,0.48,-0.24,-0.98,0.55,,,
527158,0.12,-0.87,0.49,-3.17,-5.31,1.40,,,
527802,0.09,-0.90,0.48,0.18,0.92,0.49,,,
528401,0.09,-0.89,0.49,0.12,-0.37,-1.77,,,
529001,0.08,-0.89,0.49,-0.61,0.06,0.61,,,
529603,0.08,-0.88,0.49,-0.67,-2.32,-0.12,,,
530203,0.08,-0.89,0.50,-1.04,-2.01,0.85,,,
530804,0.09,-0.89,0.48,-1.71,-1.65,-0.06,,,
531404,0.13,-0.93,0.36,-0.79,0.18,-0.18,,,
532005,0.13,-0.94,0.35,-1.22,-0.79,-0.79,,,
532605,0.14,-0.95,0.35,0.92,0.55,-0.98,,,
533214,0.13,-0.94,0.35,-0.67,-1.46,-0.61,,,
533816,0.13,-0.95,0.34,-0.12,-0.12,15.50,,,
534416,0.14,-0.94,0.35,-2.14,-2.93,-0.31,,,
535059,-0.00,-1.00,0.10,0.92,3.78,2.14,,,
535659,0.03,-1.01,0.09,0.49,0.24,-1.40,,,
536259,0.03,-1.02,0.09,0.06,1.53,-2.32,,,
536860,0.04,-1.01,0.10,-0.31,0.31,-1.22,,,
537460,0.05,-1.00,0.10,0.06,0.55,-0.43,,,
538061,0.05,-1.01,0.10,-0.06,1.10,-0.37,,,
538661,0.07,-1.00,0.09,-1.22,0.43,-0.73,,,
539261,0.06,-1.01,0.12,0.37,0.67,0.98,,,
539862,0.05,-1.02,0.12,0.24,2.14,0.24,,,
540471,0.05,-1.00,0.12,0.31,-1.83,-0.43,,,
541072,0.06,-1.00,0.12,-0.49,-0.37,0.31,,,
541672,0.22,-0.93,0.47,109.19,265.75,-17.46,,,
542315,0.13,-0.91,0.27,11.60,-18.25,-16.66,,,
542917,0.13,-0.93,0.56,47.00,-77.51,-37.05,,,
543518,0.25,-0.86,0.53,3.23,-5.25,-12.08,,,
544119,0.37,-0.77,0.56,4.76,24.23,-2.08,,,
544720,0.16,-0.80,0.75,-15.99,17.15,13.43,,,
545321,0.29,-0.72,0.66,-7.39,38.51,15.50,,,
545922,0.42,-0.72,0.66,16.24,9.03,19.90,,,
546522,0.51,-0.63,0.60,-25.39,82.40,14.89,,,
547133,1.30,-0.59,0.48,48.95,-149.78,-198.12,,,
547734,0.64,-0.23,-0.84,-204.04,-143.49,74.22,,,
548336,0.16,-0.04,-1.02,59.81,18.01,-18.25,,,
548936,0.39,-0.22,-0.88,-11.29,-23.01,6.65,,,
549580,0.22,-0.14,-0.83,-13.49,49.87,-8.24,,,
