Time,AccelX,AccelY,AccelZ,GyroX,GyroY,GyroZ,MagX,MagY,MagZ
583,-2.84,-6.09,7.56,-0.05,-0.03,0.04,-77.01,62.60,-39.29
1656,-1.14,-6.09,6.52,-0.57,0.48,-0.97,-78.03,61.58,-39.83
2729,-1.84,-8.73,-4.28,-2.07,1.45,1.42,-77.45,59.73,-48.51
3802,-2.29,-11.14,-0.52,0.92,-0.56,0.95,-82.97,59.70,-35.00
4875,-1.04,-9.30,-1.19,1.57,-0.24,0.70,-59.88,49.87,-72.05
5948,-2.68,-9.57,-1.83,-0.76,0.85,-0.23,-32.32,38.00,-66.12
7021,-3.26,-7.83,-1.13,1.09,1.94,-0.27,-24.89,35.87,-48.90
8094,-3.80,-10.23,-1.61,-0.25,-2.12,0.29,-19.07,39.11,-34.52
9214,-1.61,-8.22,1.96,-0.44,1.03,-0.21,-18.84,36.32,-47.81
10287,-4.35,-10.71,3.55,1.43,-1.43,0.15,-20.77,32.07,-55.98
11360,-2.00,-9.08,3.30,-0.37,-0.53,0.12,-67.22,48.87,-63.93
12433,-2.47,-9.76,-0.88,-1.49,-0.49,0.37,-65.92,50.39,-65.10
13506,-1.63,-8.92,-1.36,-0.88,-0.94,0.08,-79.04,42.94,-20.53
14579,0.47,-9.63,0.03,-0.47,0.86,0.03,-79.66,43.79,-18.58
15652,-3.59,-8.87,2.54,0.01,-0.63,0.23,-74.96,52.48,-19.98
16725,-2.70,-8.40,-0.72,-0.15,-0.35,0.79,-75.65,48.51,-18.53
17801,-0.09,-7.49,-2.93,0.10,-0.38,0.33,-65.10,34.36,-7.32
18874,-3.15,-10.42,-4.91,1.10,-0.51,-1.15,-25.49,29.55,-19.38
19989,-1.33,-8.57,0.84,0.02,0.87,0.90,-65.42,42.44,-6.23
21062,-0.68,-9.46,0.26,0.11,-0.70,0.17,-58.84,47.41,-5.61
22135,-0.51,-8.84,3.08,0.15,-2.70,0.89,-20.67,43.29,-30.28
23208,-0.99,-9.96,2.86,-0.39,1.06,-0.87,-21.94,43.85,-25.29
24281,-1.92,-9.60,-1.53,0.45,3.62,0.62,-33.53,37.66,-9.49
25354,-1.40,-10.30,0.21,-2.28,0.49,1.48,-21.60,36.74,-46.07
26427,-0.41,-13.98,4.02,-2.29,-0.63,1.35,-53.26,39.35,-67.42
27503,-2.14,-10.39,0.39,-0.79,0.89,-1.82,-83.85,50.44,-51.27
28576,-2.73,-9.35,-1.24,-0.55,0.87,0.18,-85.52,52.89,-47.57
29649,-3.64,-8.42,3.57,1.63,-0.29,0.76,-81.37,55.82,-48.82
30765,4.42,-7.57,-5.59,0.72,0.55,0.19,-85.79,28.34,-41.08
31838,-3.83,-7.20,3.31,1.57,2.11,-1.39,-64.76,29.36,-70.18
32911,-0.01,-8.61,1.85,0.33,0.82,-0.27,-18.96,37.61,-49.61
33984,1.24,-9.48,2.92,0.28,-0.02,-0.09,-19.50,45.81,-38.63
35057,1.41,-9.50,2.57,-0.02,0.01,-0.01,-19.89,49.01,-39.65
36133,0.38,-9.56,0.08,-0.24,0.66,0.06,-20.53,43.03,-28.40
37206,-0.33,-10.58,-0.49,-0.51,-1.58,-0.10,-18.40,40.22,-42.60
38279,-0.89,-9.01,-2.26,2.34,3.25,1.19,-20.27,36.31,-41.87
39352,-2.15,-8.05,-1.05,-1.10,-0.16,2.14,-23.44,40.95,-32.93
40425,1.59,-0.80,1.54,3.44,-0.32,3.55,-30.49,54.78,-46.05
41498,-3.16,-8.52,0.83,0.32,0.50,-1.23,-42.17,57.02,-59.32
42614,-1.87,-9.60,-1.02,-0.28,0.42,0.54,-55.80,56.93,-58.40
43687,-0.14,-9.94,-1.06,0.09,0.32,-0.12,-50.32,53.00,-61.17
44760,0.00,-10.08,0.41,-0.08,0.03,-0.02,-57.76,51.43,-65.17
45836,0.45,-9.89,0.40,-0.06,0.51,0.01,-58.46,49.84,-64.44
46909,1.31,-9.85,0.20,-0.09,0.11,-0.06,-54.40,50.18,-64.53
47982,1.51,-9.81,0.00,0.01,0.01,0.00,-54.15,50.42,-64.81
49055,0.96,-9.44,-1.07,0.05,-1.16,0.81,-56.66,53.41,-61.96
50128,-1.22,-9.31,-1.42,-0.05,-0.11,-0.03,-69.03,53.73,-51.70
51201,-1.00,-9.77,-0.47,-0.02,-0.96,-0.04,-75.67,54.57,-35.00
52274,-1.72,-9.91,-1.83,-0.65,-0.17,-0.17,-65.19,50.34,-11.71
53390,-1.89,-10.13,-2.00,-1.06,-0.83,0.56,-44.64,44.04,-3.03
54466,-0.81,-9.79,-2.05,-0.30,0.30,0.20,-50.03,34.62,-0.82
55539,-0.78,-10.00,-0.24,0.09,0.08,-0.10,-74.09,36.26,-1.33
56612,-0.36,-9.85,0.11,0.07,-0.00,-0.06,-74.45,34.08,-6.11
57685,-0.53,-9.85,0.30,0.04,0.09,-0.03,-76.78,33.34,-6.74
58758,-0.42,-9.89,0.41,0.02,0.02,-0.00,-78.03,32.51,-7.76
59831,-0.48,-9.82,0.69,0.18,0.11,0.05,-79.01,33.91,-7.51
60904,-0.34,-9.76,1.95,0.00,0.01,-0.02,-80.68,39.49,-7.75
61977,-0.34,-9.73,1.87,-0.01,0.01,-0.00,-80.93,39.32,-8.94
63050,-0.32,-9.76,1.80,-0.00,0.01,-0.02,-80.43,38.69,-8.96
64169,0.08,-9.87,1.18,-0.17,-0.04,-0.06,-78.34,34.87,-6.65
65243,-0.21,-9.77,1.56,0.07,0.11,0.10,-79.58,36.92,-7.42
66316,-0.26,-9.76,1.72,0.02,0.02,-0.00,-79.76,38.59,-8.67
67389,-0.23,-9.79,1.68,-0.02,-0.07,-0.05,-80.43,37.77,-8.32
68462,-0.19,-9.77,1.73,0.00,-0.01,-0.02,-80.30,37.53,-8.62
69535,-0.10,-9.77,1.74,0.01,0.05,0.02,-79.86,37.75,-7.00
70608,0.03,-9.80,1.61,-0.02,0.04,-0.02,-79.47,36.76,-7.32
71681,0.11,-9.80,1.58,0.01,0.00,-0.02,-79.09,36.22,-7.02
72756,-0.82,-9.70,3.30,0.46,-0.10,-0.01,-80.50,46.73,-1.17
73829,1.36,-12.89,-0.09,-0.48,0.35,-0.33,-39.59,43.12,-4.85
74902,-1.91,-12.76,-3.67,-1.62,-0.48,0.07,-69.38,48.76,-7.18
76018,-1.03,-9.81,-0.13,0.08,0.01,0.14,-84.92,54.27,-30.30
77091,0.47,-9.62,1.00,-0.07,0.19,-0.05,-85.81,44.88,-50.82
78164,-1.77,-9.87,-0.41,-0.14,1.40,0.27,-84.46,52.34,-25.59
79237,-1.60,-9.09,-1.69,0.75,0.52,0.34,-81.92,54.93,-27.65
80310,-1.35,-9.88,0.59,0.09,-0.01,-0.07,-83.28,55.25,-27.38
81384,-0.86,-9.33,0.82,-1.34,2.25,0.85,-79.11,51.81,-18.68
82459,-5.07,-7.52,-0.56,7.01,-1.14,-1.22,-83.86,57.80,-35.41
83532,-2.19,-8.75,-2.36,1.23,-0.29,-0.72,-79.51,55.32,-22.26
84605,-1.90,-8.97,-4.49,1.92,4.53,1.68,-75.12,59.60,-20.80
85678,-0.23,-9.55,-2.37,-0.09,0.00,0.24,-87.62,51.11,-31.09
86795,-0.71,-9.23,-1.42,-0.91,-1.33,0.11,-83.22,52.06,-19.86
87868,-0.97,-10.08,-0.91,-0.18,0.56,0.66,-85.78,51.89,-26.98
88941,-0.78,-8.49,1.29,0.14,-0.34,0.34,-83.59,53.07,-25.40
90014,-0.58,-10.92,-0.73,-1.49,0.64,1.95,-87.83,51.81,-37.50
91090,-1.09,-7.24,-1.67,0.46,-2.22,-2.03,-71.50,58.61,-16.11
92163,-0.42,-10.83,-1.15,0.07,-2.06,0.58,-39.89,44.18,-9.84
93236,0.81,-9.63,0.33,0.29,0.81,0.11,-32.21,49.28,-17.45
94309,-0.36,-9.50,2.05,-0.13,0.31,0.12,-23.24,48.47,-35.40
95382,-0.08,-9.48,2.17,0.04,1.94,-0.49,-24.55,49.28,-34.19
96455,-0.03,-9.41,2.08,0.01,-0.20,0.02,-51.99,53.92,-11.74
97528,-2.85,-11.03,-0.39,-0.79,-1.04,0.17,-65.55,48.61,-11.11
98644,0.17,-10.29,-0.27,-0.24,-1.08,0.22,-26.44,44.02,-25.23
99717,-2.15,-9.87,-0.83,0.44,0.59,0.46,-20.40,43.34,-44.86
100792,-1.29,-9.16,-0.86,1.22,-0.42,0.13,-36.52,44.02,-69.50
101865,-1.68,-9.48,0.74,0.01,-0.63,0.14,-41.45,38.38,-70.51
102938,-1.58,-9.84,0.99,-0.11,-0.00,-0.11,-60.60,42.66,-69.85
104011,-0.98,-11.02,-1.65,-0.72,1.03,3.02,-50.28,51.74,-69.10
105084,-1.71,-8.55,-1.51,-0.39,-0.75,-0.23,-62.34,54.21,-67.99
106158,-2.75,-9.93,-0.88,2.49,-1.63,-1.60,-89.29,37.65,-38.38
107231,-1.66,-9.75,-0.87,-0.07,0.97,-0.44,-90.60,49.44,-28.03
108304,-2.16,-9.82,0.70,0.34,0.42,0.11,-90.82,42.36,-53.30
109423,-0.92,-9.57,-0.51,-0.44,-1.11,0.09,-65.08,47.15,-67.98
110496,-1.07,-9.67,-0.89,-0.02,0.08,0.01,-63.50,48.67,-69.83
111569,-1.48,-9.59,-1.65,-0.01,-0.22,-0.03,-67.66,51.86,-66.14
112642,-1.43,-9.52,-2.86,0.63,0.00,0.49,-82.27,54.88,-11.37
113715,-1.88,-10.10,-0.72,-0.28,-0.16,-0.24,-77.84,59.05,-15.54
114788,-0.72,-9.06,-1.57,-0.52,0.28,0.03,-87.37,54.44,-29.95
115861,-2.52,-8.71,-3.96,0.10,0.12,-0.08,-81.86,56.74,-16.06
116934,-1.85,-9.04,-2.61,-0.38,-0.52,0.21,-84.54,57.26,-43.57
118010,-2.24,-9.88,-1.42,0.13,-0.54,0.04,-81.85,54.38,-57.89
119083,-2.27,-10.38,-0.35,0.41,0.01,-0.13,-85.95,54.97,-47.73
120198,-1.56,-9.73,0.16,0.30,0.43,-0.14,-80.46,49.87,-60.79
121271,-1.77,-9.81,-0.98,-0.03,0.63,-0.06,-68.88,49.28,-70.72
122345,-2.10,-9.70,-0.85,-0.18,-0.37,0.12,-61.53,42.08,-71.29
123418,-2.37,-9.55,0.46,0.29,-0.78,-0.09,-79.58,41.04,-63.02
124491,-0.86,-9.40,3.10,0.02,0.05,-0.00,-87.23,35.75,-53.76
125564,-1.06,-9.42,2.93,-0.01,0.05,0.00,-85.17,34.54,-56.85
126639,0.42,-9.82,4.45,0.45,-0.63,0.26,-75.29,25.30,-63.26
127712,0.77,-9.32,4.02,0.09,0.23,-0.00,-87.65,31.58,-52.94
128785,0.87,-8.80,4.42,-0.09,0.06,-0.02,-89.87,34.01,-49.20
129858,-0.22,-16.20,2.28,-1.32,3.05,-1.05,-29.13,43.66,-60.42
130931,-1.27,-9.80,0.37,0.01,-0.05,0.04,-25.20,41.01,-55.63
132048,-0.69,-9.64,2.26,0.15,-0.19,0.02,-26.00,38.16,-56.74
133121,-0.86,-9.69,2.43,0.03,-0.00,-0.07,-26.28,37.96,-57.92
134194,-0.95,-9.52,2.73,0.02,0.00,-0.00,-28.94,36.26,-60.67
135267,-0.99,-9.55,2.79,0.04,0.01,-0.01,-28.84,36.32,-61.49
136343,-0.99,-9.50,2.83,0.02,0.02,-0.01,-29.10,36.85,-61.41
137416,-1.04,-9.37,2.81,-0.03,-0.60,0.25,-31.64,35.72,-62.76
138489,-1.10,-9.47,2.92,-0.00,0.03,-0.01,-33.16,35.18,-65.26
139562,-0.91,-9.47,2.86,0.01,0.02,-0.02,-32.53,36.01,-63.80
140635,-1.02,-9.33,3.25,-0.06,-0.87,0.26,-42.58,34.14,-69.39
141708,-0.83,-9.31,3.35,-0.01,0.01,0.01,-48.32,34.33,-71.46
142823,-0.74,-9.34,3.39,0.02,-0.03,-0.02,-47.90,34.24,-71.19
143896,-0.63,-9.31,3.59,0.04,-0.01,-0.02,-48.76,33.54,-71.06
144972,0.23,-9.30,3.71,0.02,-0.25,0.00,-53.32,33.60,-71.29
146045,0.07,-9.35,3.48,0.04,0.03,-0.02,-50.91,34.45,-71.34
147118,-0.08,-9.50,3.32,-0.07,0.03,0.02,-31.25,37.31,-62.41
148191,-0.49,-9.10,3.34,-0.62,0.35,0.67,-29.98,37.30,-61.63
149264,-0.25,-9.85,1.62,0.11,0.26,-0.09,-32.71,39.97,-62.93
150337,1.89,-6.76,-2.73,4.18,7.15,1.44,-46.97,41.39,-69.83
151410,-1.04,-9.66,3.66,0.10,-0.22,-0.08,-35.15,37.07,-65.27
152483,-0.73,-9.35,3.50,-0.02,-0.32,0.07,-54.55,36.64,-70.32
153602,-0.51,-9.28,3.22,-0.04,-0.20,0.07,-59.60,38.70,-70.39
154675,-0.72,-9.47,3.06,-0.04,-0.03,0.01,-63.93,40.53,-69.18
155748,-0.66,-9.50,2.79,-0.03,-0.17,0.09,-65.89,41.19,-67.25
156821,-0.81,-9.18,4.54,0.27,0.47,0.07,-38.97,32.97,-68.88
157894,-2.57,-8.86,4.23,-0.23,0.52,-0.37,-26.78,32.29,-56.84
158967,-2.12,-9.07,2.75,-0.32,-0.44,-0.05,-29.00,32.77,-59.21
160040,-2.10,-8.59,4.16,0.16,-0.13,-0.06,-32.27,30.21,-62.23
161113,-1.12,-8.73,4.18,0.02,0.03,0.02,-31.12,32.24,-62.16
162186,-1.07,-8.99,4.14,0.01,0.08,-0.08,-29.80,33.24,-60.83
163262,-0.78,-8.85,4.24,0.09,-0.11,0.05,-29.28,33.43,-60.51
164335,-0.93,-8.84,4.49,0.04,0.01,0.03,-29.82,33.31,-60.89
165451,-0.85,-8.60,4.66,0.13,-0.08,-0.00,-31.06,31.44,-61.60
166524,0.18,-8.33,5.75,0.04,0.32,-0.23,-24.66,35.74,-54.53
167597,-0.11,-8.71,4.24,0.09,-0.13,-0.03,-22.49,39.36,-47.53
168670,-1.55,-7.66,6.09,0.13,-0.10,0.05,-22.64,31.28,-51.96
169743,0.11,-7.79,6.69,0.05,-0.08,0.06,-31.22,27.59,-61.43
170816,0.29,-7.72,6.72,0.07,0.33,-0.07,-31.35,26.88,-61.72
171892,-0.07,-7.13,6.73,-0.08,0.09,-0.04,-32.42,26.28,-62.64
172965,0.19,-7.15,6.96,0.17,-0.61,0.18,-34.51,25.36,-63.58
174038,0.73,-7.89,6.21,-0.07,-0.00,0.10,-53.70,25.26,-68.47
175111,1.16,-8.13,5.84,-0.04,-0.09,-0.03,-56.08,26.32,-68.93
176227,0.62,-8.35,5.24,-0.04,-0.02,0.09,-57.95,28.78,-69.83
177300,0.27,-9.00,4.54,-0.02,0.11,-0.16,-54.44,31.31,-70.10
178373,2.29,-10.14,-0.70,-0.25,-2.33,0.33,-67.87,42.02,-67.90
179446,2.09,-13.47,-3.64,-0.87,-2.26,-1.90,-40.68,50.18,-64.41
180522,-3.54,-19.31,1.81,-6.85,2.46,0.17,-25.31,43.45,-58.84
181595,-9.60,-6.85,3.68,-1.84,0.59,-3.24,-55.67,65.00,-59.11
182668,6.94,-8.88,9.57,0.10,-4.70,-2.14,-86.48,52.00,-47.54
183741,-6.83,-12.60,-9.72,2.96,8.64,1.40,-20.62,38.04,-64.44
184814,-0.53,-7.42,-1.44,0.33,-0.65,2.67,-26.41,59.97,-18.05
185887,-1.76,-9.81,-1.29,0.19,-0.07,-0.01,-28.94,57.63,-18.06
186960,-1.26,-9.69,-1.58,-0.24,-0.24,0.01,-39.49,60.45,-13.49
188076,-0.39,-9.81,-0.02,0.42,0.89,0.23,-43.99,61.44,-22.65
189149,-0.76,-9.86,0.65,-0.01,0.00,-0.02,-45.13,60.82,-21.63
190225,-0.34,-10.01,0.73,-0.63,-1.55,-0.73,-45.09,60.64,-22.27
191298,-1.46,-9.24,-3.11,-0.66,0.12,0.46,-44.04,53.32,-12.93
192371,-1.16,-9.84,-1.71,0.07,-0.03,0.34,-60.74,40.78,-22.76
193444,-0.94,-9.24,3.52,-0.06,-0.19,0.24,-64.56,45.51,-20.68
194517,-0.66,-8.73,4.86,-0.03,0.03,-0.02,-59.54,51.70,-21.38
195590,-0.65,-8.70,4.40,-0.42,0.16,0.11,-60.70,49.84,-20.15
196663,-0.63,-9.07,4.01,0.05,0.03,-0.00,-60.89,48.89,-20.27
197736,-0.62,-9.03,4.13,0.01,-0.00,0.01,-60.25,49.17,-20.18
198855,-0.79,-8.91,4.35,0.01,0.02,0.00,-59.98,49.80,-20.91
199928,-0.78,-9.10,3.99,0.02,-0.00,-0.03,-60.52,48.28,-19.47
201001,-0.66,-9.11,3.93,0.00,0.00,-0.01,-61.25,48.04,-18.93
202073,-0.62,-9.08,3.97,0.02,0.00,-0.01,-60.48,48.26,-19.39
203146,-0.55,-9.08,4.05,0.01,0.01,0.00,-61.01,47.56,-19.69
204219,0.10,-8.49,4.88,-0.03,0.16,-0.02,-61.59,51.37,-20.51
205292,-1.12,-7.22,0.19,-0.41,-2.68,-0.10,-42.72,57.12,-19.06
206365,-2.77,-8.40,-3.83,-1.32,-1.27,0.07,-14.95,35.50,-40.22
207441,-4.72,-6.50,-6.11,-1.65,-2.70,-0.83,-70.05,63.14,-51.53
208514,-3.39,-9.10,-3.24,-0.14,-1.28,0.06,-61.52,36.16,-4.02
209630,0.95,-17.25,-0.14,0.93,-8.15,0.39,-43.72,33.48,1.05
210703,-0.73,-8.91,3.32,0.18,0.11,0.13,-26.28,56.07,-17.83
211776,-1.70,-7.72,2.14,-0.62,2.62,-0.65,-63.21,64.89,-10.92
212849,-0.75,-8.24,1.06,-0.29,-0.11,-0.34,-62.31,55.13,-2.06
213922,-3.27,-12.35,-1.49,4.58,4.95,4.43,-70.84,54.19,-7.32
214995,-0.04,-13.22,0.46,-0.10,-3.00,0.92,-76.24,38.10,-19.72
216068,-2.41,-10.94,-2.51,0.91,-4.61,-1.04,-28.25,35.60,-23.12
217144,-4.16,-16.55,-1.69,-3.21,-0.82,3.74,-22.04,41.54,-56.14
218217,-3.48,-9.83,-2.51,0.15,2.21,1.25,-17.51,43.25,-33.97
219290,0.90,-11.10,-1.49,0.80,1.65,-0.98,-37.15,45.38,-3.99
220363,-6.26,-12.77,2.69,-2.54,-3.40,1.64,-11.34,35.60,-51.37
221479,-1.97,-8.86,-1.10,0.40,-2.14,0.28,-9.27,40.51,-53.43
222552,-3.45,-9.88,2.48,1.00,0.89,-0.01,-58.73,39.37,-76.18
223624,-0.37,-9.65,-0.46,-5.54,1.40,-0.00,-82.24,46.30,-42.78
224697,-0.28,-5.36,-3.92,10.33,3.50,-1.86,-82.13,38.06,-29.23
225773,2.71,-2.19,-0.63,5.81,1.90,0.72,-79.33,49.11,-34.29
226846,-1.56,-13.61,-1.15,5.77,5.25,0.63,-66.73,51.14,-64.06
227919,-2.13,-9.64,-0.11,-2.30,-5.30,-0.54,-83.48,49.28,-38.80
228992,-3.25,-9.33,-1.74,-0.06,-0.31,-0.67,-66.28,37.90,-3.04
230065,-2.14,-9.20,0.83,0.49,-0.55,-0.19,-34.05,37.53,-5.14
231138,-1.41,-9.27,2.29,-0.12,-0.28,0.06,-29.79,39.30,-8.89
232255,-1.31,-9.40,2.60,0.05,-0.03,0.01,-22.27,36.85,-16.06
233328,-0.95,-9.44,3.36,0.11,-0.33,-0.13,-20.20,39.99,-19.67
234403,-0.23,-9.52,3.11,-0.13,0.28,-0.02,-21.38,40.46,-18.40
235476,-0.56,-9.47,3.20,-0.02,-0.11,0.11,-20.68,38.19,-18.36
236549,-4.04,-3.54,-1.27,0.52,-5.42,-2.63,-27.99,39.35,-13.20
237622,-4.17,3.10,12.04,-5.99,3.95,2.14,-27.01,29.64,-25.29
238695,-0.18,-3.94,-2.54,-5.39,0.39,-8.96,-24.51,36.14,-42.14
239768,0.34,-13.63,-2.60,-1.22,-0.74,-3.79,-44.99,49.62,-8.99
240841,0.66,-9.35,3.66,0.07,0.18,-0.16,-84.84,50.34,-15.87
241914,0.34,-9.56,3.38,-0.08,0.17,0.04,-87.94,48.90,-19.89
243033,0.96,-4.69,-0.27,0.98,3.29,4.52,-94.36,51.48,-21.72
244106,-0.25,-8.41,0.44,-0.37,1.77,-4.69,-85.34,57.48,-39.39
245179,2.68,1.61,2.14,3.07,0.38,-1.78,-91.52,40.76,-27.24
246252,-2.04,-9.21,1.06,-3.24,-0.46,-0.74,-35.40,30.47,-4.68
247325,-3.56,-28.71,-2.90,-1.11,-13.88,-3.98,-19.50,54.63,-41.86
248398,-2.37,-11.87,-1.95,1.96,-0.06,-0.36,-36.39,44.02,-0.35
249471,-1.46,-9.34,-1.45,-0.46,0.41,0.37,-37.37,41.39,3.14
250544,-0.13,-9.41,-0.96,0.47,0.22,-0.04,-83.75,50.82,-5.88
251617,-1.42,-9.23,-0.53,-0.73,1.27,0.08,-92.27,54.59,-32.21
252693,-1.20,-9.94,-1.81,-0.55,-1.52,-0.00,-84.35,57.28,-55.42
253766,-1.79,-9.59,-1.86,0.16,-0.14,0.11,-85.88,59.53,-45.86
254883,-1.05,-9.82,-2.25,0.41,1.72,0.19,-83.37,60.04,-50.88
255955,-1.30,-8.47,-1.69,0.59,1.55,0.18,-34.52,48.61,-71.13
257028,-1.87,-9.54,-1.95,-0.12,0.85,-0.08,-20.46,45.40,-56.45
258101,-1.11,-10.22,-1.84,0.20,0.83,0.47,-39.80,41.08,0.13
259174,-1.60,-9.62,-1.66,0.09,0.26,-0.09,-76.43,48.98,-7.09
260247,-3.15,-10.07,-1.12,0.25,-0.86,-0.84,-68.78,47.37,-1.74
261323,-2.93,-9.53,0.32,0.09,-0.02,0.46,-64.82,54.59,-3.04
262396,-0.58,-9.85,0.04,0.01,-0.01,-0.03,-81.99,51.77,-12.89
263469,-0.54,-9.88,0.09,0.01,-0.02,-0.01,-80.59,51.61,-11.33
264542,-0.56,-9.88,0.13,0.00,0.00,-0.00,-80.17,51.93,-9.87
265658,-0.44,-9.91,0.08,0.04,0.03,0.01,-79.32,51.67,-9.65
266731,-0.31,-10.03,0.46,0.33,-0.14,-0.14,-79.20,52.59,-9.13
267804,-1.75,-8.78,-1.27,-0.91,-0.64,-0.03,-75.45,52.48,-7.50
268877,-1.58,-9.73,-0.98,0.14,0.55,-0.23,-72.71,48.96,-3.95
269952,-0.92,-9.58,-1.93,0.11,0.14,0.00,-85.81,48.58,-16.14
271025,-0.60,-9.83,-2.01,-0.05,0.09,-0.23,-83.63,48.48,-12.36
272098,-1.52,-9.45,-1.63,-0.25,-0.24,0.05,-68.84,46.14,-0.42
273171,-1.81,-9.23,-2.13,-0.16,0.11,-0.11,-70.84,46.89,-3.07
274244,-1.69,-9.62,-1.53,-0.07,0.03,-0.05,-72.27,47.52,-3.01
275317,-0.27,-10.25,1.02,-0.54,-0.09,0.02,-81.64,51.56,-11.47
276390,-1.08,-9.77,0.13,-0.06,-0.31,0.15,-77.70,53.04,-8.59
277507,-1.32,-9.79,0.33,-0.03,-0.07,0.04,-75.10,53.43,-6.18
278580,-1.70,-9.60,-0.58,-0.03,0.06,-0.03,-62.28,48.39,1.39
279655,-1.14,-9.83,-0.76,-0.05,0.07,0.06,-82.64,52.41,-13.01
280728,-1.66,-9.84,0.75,0.07,-0.04,-0.02,-78.79,56.37,-11.88
281801,-0.96,-9.52,2.71,-0.00,-0.02,-0.02,-79.63,59.69,-17.03
282874,-0.81,-9.56,2.66,-0.05,0.09,-0.04,-81.03,58.96,-16.43
283947,-0.82,-9.74,1.26,-0.05,-0.04,0.02,-84.86,55.67,-18.94
285020,-0.88,-9.88,1.29,-0.04,-0.11,0.07,-83.97,55.51,-18.49
286093,-1.63,-9.71,0.63,-0.77,-0.92,0.33,-75.72,55.31,-7.47
287166,-2.20,-9.62,0.10,-0.04,0.03,-0.01,-62.83,51.74,-0.37
288285,-1.62,-9.45,-1.98,0.25,0.41,0.16,-78.18,49.09,-7.35
289358,-0.68,-8.81,-2.68,-0.44,2.60,0.23,-89.36,54.62,-32.14
290431,-1.86,-9.87,-2.71,1.01,-2.03,-0.68,-85.05,58.39,-49.36
291504,-1.56,-9.72,-1.42,-0.22,0.10,0.08,-86.70,55.77,-24.64
292577,-2.01,-9.29,-1.80,0.60,-0.00,-0.30,-83.66,53.05,-17.07
293650,-2.13,-9.68,-2.67,-0.14,0.46,0.12,-85.94,53.65,-22.22
294723,0.05,-9.76,-1.55,-0.03,0.08,0.04,-91.42,49.81,-34.00
295796,0.07,-9.87,-0.56,0.11,0.03,-0.03,-91.35,50.72,-38.89
296872,-0.31,-9.91,-0.05,0.04,-0.20,-0.03,-90.18,51.55,-37.40
297945,-0.22,-9.77,1.78,0.34,0.00,0.03,-89.01,53.87,-32.51
299061,-2.07,-10.02,0.86,-0.10,-0.50,-0.09,-85.40,57.83,-25.62
300134,-0.67,-9.97,-0.71,0.12,-0.25,-0.32,-66.69,47.21,-0.63
301207,-0.56,-9.99,0.26,0.11,0.32,-0.09,-78.28,52.31,-10.08
302280,-0.53,-9.90,0.31,0.01,0.05,0.00,-80.43,51.86,-12.12
303353,-0.62,-9.81,0.11,-0.04,-0.09,0.06,-82.86,52.66,-14.63
304426,-0.58,-9.82,0.42,0.09,-0.24,-0.03,-77.87,53.07,-9.95
305499,-0.36,-9.90,1.71,-0.11,-0.07,-0.18,-57.56,54.57,-1.11
306575,-4.39,-7.74,0.00,1.26,0.93,0.37,-42.18,45.92,0.96
307648,-0.33,-9.81,1.11,-0.06,0.18,-0.01,-46.76,51.46,0.09
308721,-0.27,-9.61,2.52,-0.00,0.00,-0.00,-54.31,58.23,-2.72
309794,-0.27,-9.60,2.47,0.02,0.01,-0.00,-52.86,57.04,-2.86
310910,-0.22,-9.61,2.55,0.12,0.18,-0.05,-53.76,57.75,-2.94
311983,-0.25,-9.47,2.95,0.01,0.01,-0.00,-57.15,59.59,-4.81
313056,-0.02,-9.51,2.86,0.00,0.00,0.00,-55.73,58.58,-4.24
314129,0.14,-9.57,2.72,-0.01,0.01,-0.01,-55.16,58.37,-2.81
315205,0.15,-9.54,2.75,0.01,0.01,-0.01,-55.14,58.24,-4.11
316278,0.20,-9.56,2.72,-0.00,0.01,-0.00,-55.06,58.51,-2.84
317351,0.12,-9.50,2.80,0.08,0.16,0.06,-54.76,58.80,-2.91
318424,0.09,-9.53,2.82,0.00,0.04,0.01,-55.19,58.81,-3.41
319497,0.01,-9.54,2.84,0.03,0.02,-0.01,-55.42,59.18,-3.03
320570,-0.26,-9.42,2.96,0.09,0.22,0.06,-56.62,59.46,-4.25
321643,0.22,-9.54,2.80,0.01,0.00,0.01,-54.57,58.99,-3.41
322759,0.21,-9.52,2.84,-0.00,0.02,0.00,-54.60,58.62,-4.06
323832,0.23,-9.58,2.76,-0.06,-0.27,0.01,-53.79,58.90,-3.14
324908,0.77,-9.50,2.78,0.02,0.01,-0.01,-49.96,58.70,-4.17
325981,0.77,-9.49,2.79,0.01,0.01,-0.01,-49.97,58.78,-3.07
327054,0.77,-9.52,2.78,-0.00,0.01,-0.00,-50.01,58.84,-4.28
328127,-0.44,-9.47,2.86,0.13,0.19,-0.05,-55.31,59.44,-4.47
329200,0.34,-9.42,3.14,-0.01,0.03,-0.07,-58.94,59.70,-5.07
330273,0.88,-9.12,2.84,0.02,0.48,-0.22,-70.70,57.26,-6.87
331346,1.67,-9.48,2.93,0.01,-0.01,-0.04,-71.63,56.45,-6.55
332419,4.14,-7.99,4.40,-0.02,0.27,-0.11,-74.66,57.09,-9.06
333573,2.81,-8.54,4.53,-0.01,-0.12,0.06,-75.31,58.20,-10.49
334646,3.40,-8.62,3.74,-0.02,-0.15,0.06,-71.28,56.81,-7.02
335719,3.55,-8.84,3.36,-0.06,-0.09,0.13,-67.23,56.84,-4.63
336792,2.35,-9.37,2.36,0.26,-0.27,-0.11,-64.73,55.99,-2.66
337865,3.59,-8.56,3.52,0.07,0.00,-0.05,-63.83,59.85,-5.77
338938,2.98,-7.41,4.99,0.36,-0.09,0.17,-52.44,66.90,-11.88
340011,1.56,-7.41,7.85,-0.63,0.10,-0.11,-59.24,71.63,-20.02
341084,-1.46,-8.60,4.66,-0.28,-0.19,0.13,-44.55,62.98,-10.79
342157,-0.59,-9.02,5.40,0.16,-0.12,-0.01,-46.81,64.91,-12.23
343233,0.81,-7.58,6.27,-0.02,0.23,-0.08,-52.51,68.66,-16.63
344306,-0.21,-6.45,7.76,0.04,0.08,-0.04,-59.82,71.88,-24.32
345421,0.74,-6.06,7.51,0.05,-0.01,0.16,-58.96,71.94,-23.84
346494,1.98,-6.02,7.26,-0.04,-1.05,0.10,-54.65,71.85,-23.98
347567,3.24,-8.81,3.31,-0.04,0.07,0.01,-34.92,62.92,-15.70
348640,-2.50,-9.31,-2.06,-0.22,0.10,0.23,-49.56,39.99,3.19
349713,-2.82,-9.26,-1.64,0.01,-0.17,0.01,-50.03,41.52,3.22
350786,-2.93,-9.32,-0.54,0.51,0.36,-0.11,-52.54,46.70,2.44
351862,-3.07,-9.48,0.26,0.06,0.01,-0.07,-47.65,48.32,1.90
352935,-1.99,-9.37,2.99,0.37,-0.03,-0.29,-41.79,57.10,-4.90
354008,-1.19,-9.16,3.15,-0.06,-0.00,-0.02,-43.26,57.86,-5.16
355081,-1.24,-9.32,3.17,-0.11,0.03,0.01,-44.62,57.72,-5.98
356154,0.73,-9.37,2.93,-0.04,0.10,-0.07,-40.56,58.48,-7.64
357271,-0.54,-9.88,-1.31,-0.04,0.74,0.15,-53.76,42.79,2.92
358344,-0.97,-9.75,-0.79,0.12,0.27,0.00,-73.47,48.58,-4.44
359417,-0.54,-9.84,-0.54,0.01,0.04,0.01,-79.00,49.96,-9.63
360490,-0.82,-9.78,-0.95,-0.06,-0.07,-0.00,-78.00,48.96,-8.43
361566,-1.20,-9.75,-0.96,0.14,-0.17,-0.05,-74.47,49.12,-5.98
362639,-0.89,-9.38,2.84,0.22,-0.01,-0.11,-57.34,59.13,-4.75
363712,0.34,-7.96,6.38,0.08,0.00,-0.10,-50.96,68.05,-17.19
364785,1.70,-8.54,5.13,-0.08,-0.09,0.13,-39.51,64.85,-14.83
365858,1.34,-8.15,5.28,-0.17,-0.51,0.51,-52.28,66.16,-12.53
366931,1.62,-8.37,5.07,-0.01,-0.05,0.02,-49.62,65.89,-11.63
368047,1.50,-8.46,5.12,-0.03,0.01,-0.01,-48.60,65.14,-12.04
369120,1.44,-8.47,5.26,0.00,0.02,-0.01,-49.21,65.67,-12.83
370195,1.52,-8.44,5.17,-0.02,-0.03,0.00,-49.05,65.55,-13.04
371268,-0.08,-9.17,3.79,0.01,0.04,0.02,-36.07,58.58,-11.55
372341,-0.10,-9.19,3.81,0.01,0.03,-0.00,-35.27,58.73,-11.39
373414,-0.19,-9.20,3.84,-0.00,-0.00,-0.02,-34.80,58.81,-12.23
374487,-0.17,-9.22,3.89,0.02,0.04,-0.01,-34.87,58.45,-12.35
375560,-0.28,-9.19,3.91,-0.01,0.01,-0.02,-34.70,58.84,-11.94
376633,-0.28,-9.27,3.66,0.01,0.03,0.00,-33.67,57.51,-12.31
377706,-0.39,-9.21,3.73,0.00,0.03,-0.00,-33.46,57.22,-11.90
378779,-0.54,-9.15,3.49,-0.02,0.14,-0.08,-33.70,57.23,-10.80
379898,-1.59,-9.53,-0.19,-0.47,-0.69,0.24,-28.75,43.29,-5.38
380971,-1.41,-9.73,-1.09,0.06,-0.05,0.20,-26.88,39.10,-5.16
382044,-0.35,-9.85,-0.43,0.39,0.58,-0.41,-46.57,46.02,2.75
383117,0.56,-9.53,1.27,-0.52,-0.25,0.47,-57.63,54.49,-0.25
384190,-2.81,-9.39,-2.55,-0.02,-0.05,-0.40,-34.42,33.94,2.35
385263,-2.74,-9.87,-0.86,0.53,0.61,0.59,-43.53,39.77,11.25
386336,-2.02,-9.87,-0.99,-0.01,-0.14,-0.02,-14.50,37.20,-2.09
387409,-2.05,-9.74,-0.43,-0.05,-0.04,0.00,-13.59,37.80,-3.67
388485,-1.74,-9.84,-0.10,0.05,-0.11,0.03,-9.03,40.34,-9.68
389558,-0.93,-9.95,-0.01,-0.16,0.76,-0.14,-14.62,44.52,-4.19
390674,-1.83,-10.33,-0.61,-0.16,0.36,-0.62,-40.47,45.79,9.98
391747,0.25,-7.75,-5.88,1.77,3.46,1.07,-25.93,29.06,-6.99
392820,-0.13,-9.01,-5.60,0.06,-0.02,1.06,-87.97,55.06,-36.28
393893,-1.75,-8.07,-1.86,-0.95,1.17,-0.35,-87.26,59.62,-40.40
394966,-1.65,-8.60,-1.85,0.34,1.63,1.32,-91.35,53.57,-48.03
396039,-2.34,-8.85,-1.35,-0.05,1.79,-0.12,-81.53,50.94,-59.51
397115,-3.94,-9.19,0.29,3.41,2.51,0.03,-25.93,27.71,-65.73
398188,-2.48,-8.72,3.09,0.34,-0.48,0.18,-75.24,32.13,-62.89
399261,-3.37,-9.03,2.52,0.27,1.38,-0.45,-66.34,31.70,-67.86
400334,-3.10,-10.82,-3.25,2.74,2.38,-0.04,-23.85,20.65,-43.91
401407,-3.41,-10.37,1.09,1.40,-2.29,-1.97,-50.98,27.89,-72.22
402535,-1.61,-8.88,2.53,0.01,-0.14,-0.03,-98.23,36.51,-43.79
403608,-2.65,-9.05,-1.67,1.18,1.04,0.43,-101.23,50.18,-52.27
404681,-2.70,-9.25,2.22,0.67,-1.00,-0.28,-99.93,53.19,-33.69
405754,-1.73,-11.38,-1.81,0.90,-1.94,0.40,-91.13,53.95,-1.67
406825,-2.50,-9.01,-1.52,-1.67,2.43,-1.09,-26.95,29.30,-46.26
407898,-1.36,-9.77,-0.56,-3.38,-1.72,0.60,-17.71,36.10,-35.14
408971,1.81,-9.96,1.82,0.80,2.17,1.40,-29.41,43.22,-13.87
410044,1.44,-9.89,2.84,-0.11,-0.30,0.33,-69.64,45.92,-11.69
411117,1.67,-9.42,2.87,0.08,-0.15,-0.00,-66.82,48.07,-10.49
412190,-1.16,-10.84,-2.32,0.44,-0.27,-0.59,-65.39,42.08,-7.88
413263,-0.81,-13.77,-2.50,1.59,-6.25,3.92,-63.02,41.63,-58.07
414379,-3.03,-9.24,0.58,4.99,-3.44,0.44,-48.87,49.34,-60.60
415455,-2.59,-8.98,0.64,0.54,-2.59,-0.36,-59.70,45.24,-62.23
416528,-0.08,-10.53,3.77,-0.19,-0.60,0.53,-75.36,43.95,-47.68
417601,-3.11,-12.13,-2.17,0.96,0.45,3.35,-38.85,41.20,-66.81
418674,-1.71,-9.13,0.14,-0.69,-2.12,-1.15,-21.88,48.90,-66.52
419747,-4.45,-9.54,2.24,-1.76,3.14,-0.79,-41.98,58.58,-72.99
420820,-1.57,-10.22,-2.46,0.85,2.32,1.04,-68.34,58.58,-66.00
421893,-0.71,-10.19,0.36,-0.73,-0.33,0.54,-83.10,47.68,-21.13
422966,-2.45,-7.99,1.20,-0.80,0.38,-0.56,-77.55,44.72,-11.68
424042,-0.83,-11.68,-1.01,-0.01,0.25,-0.80,-85.24,47.68,-26.79
425115,-2.65,-8.71,-0.21,-0.96,-0.63,-0.70,-72.41,47.46,-8.29
426231,-0.98,-9.81,1.65,0.20,0.62,-0.15,-70.48,50.76,-6.78
427304,-1.59,-9.81,-0.18,1.02,-0.92,0.56,-68.33,49.05,-5.51
428377,-2.32,-10.36,-1.57,-0.82,1.77,0.57,-75.97,46.51,-10.48
429450,-2.39,-9.60,-2.52,0.24,-1.22,0.12,-84.55,46.95,-24.29
430523,-2.51,-9.60,0.71,0.17,-0.07,-0.03,-73.15,50.32,-9.49
431596,-0.37,-9.60,-1.48,-0.20,0.40,0.05,-85.18,42.55,-20.78
432672,-0.50,-9.79,-2.01,-0.14,0.26,-0.29,-87.07,44.42,-28.90
433745,3.76,-8.99,-3.26,-0.25,0.37,-0.70,-86.55,27.71,-33.57
434818,1.46,-9.99,-2.75,0.02,0.06,-0.42,-87.72,35.53,-32.65
435891,2.29,-9.14,-2.58,0.13,-0.33,-0.11,-87.05,31.70,-27.67
437007,1.00,-12.31,-2.15,-1.33,0.87,0.67,-87.59,44.01,-28.88
438080,8.64,-3.03,-2.52,1.12,0.48,-4.31,-63.88,3.35,-39.30
439153,6.18,-6.27,-4.02,-9.44,0.79,1.39,-73.56,52.97,-7.50
440226,8.48,0.93,-4.81,-1.19,0.52,-2.58,-59.87,-3.55,-39.71
441299,2.05,6.68,-6.45,-1.76,0.32,-0.16,-20.36,11.40,-32.65
442374,4.37,7.00,-0.33,0.38,-0.91,0.82,-31.53,2.94,-25.49
443447,5.34,5.06,-5.02,-0.22,0.18,0.09,-31.73,4.91,-17.19
