Time,AccelX,AccelY,AccelZ,GyroX,GyroY,GyroZ,MagX,MagY,MagZ
585,0.08,-10.11,-0.69,0.08,0.08,0.21,-34.90,39.40,-54.47
1655,-1.61,-9.59,1.61,2.09,-1.47,0.01,-32.53,32.10,-17.83
2726,-0.28,-9.51,-1.11,0.01,-0.07,-0.01,-33.18,35.33,-55.52
3797,2.60,-7.97,5.08,1.05,-0.35,0.10,-28.06,33.12,-57.89
4921,2.48,-7.39,5.29,0.36,-0.59,0.50,-33.57,30.06,-61.47
5992,1.41,-8.61,4.83,-0.01,0.03,-0.20,-39.54,27.87,-65.96
7062,0.17,-8.78,1.49,-0.62,0.54,-0.16,-35.27,35.69,-65.26
8133,-0.34,-9.31,-5.13,-0.38,0.78,-0.08,-20.72,40.97,-52.18
9207,0.88,-7.37,-1.40,-1.78,0.43,0.03,-30.69,54.41,-53.57
10278,0.87,-4.08,-6.66,-0.23,0.84,1.33,-29.73,24.20,-8.74
11348,0.68,-9.36,-2.14,4.25,3.55,-0.31,-82.43,34.42,-25.64
12419,2.22,-8.69,1.77,-0.00,-0.42,-0.19,-80.12,37.84,-17.71
13490,0.18,-9.74,2.85,0.03,-0.09,0.15,-73.49,47.78,-14.59
14561,0.91,-9.72,2.73,-0.33,0.20,0.03,-78.68,44.33,-19.13
15631,-1.12,-10.82,-1.49,0.62,-0.72,-0.01,-83.73,48.51,-32.56
16702,-1.04,-9.21,1.26,-0.85,-2.38,0.31,-80.62,51.84,-19.85
17816,-0.97,-9.57,-0.25,0.10,-1.30,-0.34,-75.97,45.02,-8.74
18890,-1.15,-9.31,2.04,0.30,0.36,-0.52,-55.17,50.15,-2.35
19961,-0.17,-9.41,2.71,0.03,0.12,-0.12,-55.93,50.53,-3.07
21032,-0.20,-9.46,2.73,-0.04,0.02,-0.04,-56.26,51.32,-4.19
22102,-1.14,-9.26,-2.37,-0.17,-1.68,0.20,-27.00,34.36,-8.62
23173,0.42,-10.03,0.35,-0.06,1.90,-0.28,-42.15,44.27,-2.35
24244,-0.36,-9.93,1.02,0.07,-0.06,-0.01,-62.88,46.24,-4.69
25315,0.03,-9.99,-1.19,0.07,-0.14,0.05,-84.00,42.09,-21.57
26385,0.21,-8.59,-0.32,0.14,-0.98,-0.45,-87.20,43.47,-42.60
27459,-0.87,-8.25,-2.62,0.49,-0.19,-0.02,-85.34,43.53,-23.06
28572,-0.38,-10.18,-1.75,-0.31,0.31,0.11,-86.60,41.44,-25.78
29642,0.35,-9.61,1.23,-0.14,0.25,-0.24,-87.91,42.79,-30.82
30713,0.39,-9.66,1.44,-0.05,0.22,0.02,-87.40,42.53,-30.63
31784,0.04,-9.50,2.41,0.21,0.09,0.09,-88.00,43.20,-34.26
32855,-0.26,-8.93,3.96,0.02,0.13,-0.02,-87.43,46.90,-33.65
33925,0.47,-8.35,5.05,0.40,-0.17,-0.28,-86.57,46.95,-28.49
34996,1.64,-7.60,6.36,-0.05,-0.01,0.01,-88.32,42.27,-33.85
36067,0.96,-7.83,5.99,0.03,-0.02,0.03,-88.99,41.96,-35.91
37140,0.81,-7.88,6.36,0.10,-0.26,0.13,-87.71,44.53,-33.32
38211,1.23,-7.62,6.28,-0.05,0.19,-0.08,-78.12,56.20,-19.32
39282,0.90,-8.04,5.93,0.06,-0.09,0.06,-76.78,55.70,-18.25
40396,1.26,-8.70,5.77,-0.42,-0.41,0.07,-73.81,56.75,-14.09
41467,1.09,-8.47,5.29,-0.01,0.04,0.00,-70.91,56.66,-12.47
42538,1.01,-8.41,5.24,0.03,-0.03,0.01,-71.13,56.80,-12.42
43608,0.42,-8.74,4.95,0.05,0.06,0.01,-69.28,57.26,-11.85
44679,0.57,-6.90,6.82,-0.58,0.69,-0.40,-75.29,59.94,-21.10
45753,-0.18,-6.76,6.83,-0.22,-0.09,0.25,-77.59,58.36,-22.36
46824,0.06,-9.24,-1.88,0.50,0.62,-0.23,-70.86,39.99,-4.34
47894,-0.86,-9.14,2.25,0.25,0.10,-0.16,-71.25,49.37,-8.55
48965,-0.87,-8.59,4.71,-0.39,-0.36,-0.19,-57.10,57.00,-8.99
50036,0.16,-10.78,0.28,-0.48,0.31,-0.16,-28.35,39.65,-8.04
51107,-0.49,-10.27,0.73,-1.10,1.77,-0.48,-87.52,41.58,-34.05
52219,-1.05,-9.61,-1.49,-0.27,-1.29,0.11,-87.77,44.50,-33.91
53290,-0.56,-9.05,-3.75,0.12,-0.01,0.31,-86.25,42.05,-23.94
54361,-1.17,-9.37,-3.15,0.31,-0.09,-0.14,-86.04,44.65,-25.11
55434,-0.12,-9.43,-2.53,0.20,0.10,-0.06,-86.29,41.95,-26.13
56505,-0.03,-9.51,-2.36,-0.00,-0.07,0.02,-86.99,42.01,-26.97
57576,-0.27,-8.68,-1.95,-0.21,0.10,-0.32,-86.67,42.05,-24.58
58647,-0.58,-9.04,-3.57,0.01,0.04,0.26,-86.85,43.25,-25.99
59718,-0.43,-9.08,-3.06,0.31,0.31,0.04,-85.88,43.63,-24.28
60788,-0.23,-10.27,-2.58,-0.32,-0.04,0.23,-86.28,41.30,-24.50
61859,-0.55,-9.52,-2.76,-0.10,-0.05,-0.14,-85.69,41.49,-23.90
62930,-0.00,-9.40,-2.79,0.03,0.01,0.03,-87.09,40.92,-25.45
64047,-0.59,-9.74,-1.73,0.07,0.16,0.02,-86.13,43.95,-24.64
65118,-0.32,-9.03,-0.18,0.97,-0.95,-0.06,-85.60,45.94,-23.85
66188,-1.20,-8.25,4.67,-0.56,-2.01,1.19,-59.05,57.35,-8.93
67259,0.43,-9.10,5.35,0.29,0.50,-0.23,-34.26,56.78,-15.23
68330,0.86,-7.75,6.24,0.03,0.04,0.04,-38.15,60.90,-17.47
69401,0.99,-7.99,5.39,-0.42,0.71,-0.29,-42.77,59.85,-13.02
70472,-1.55,-9.25,-1.56,-0.13,-1.39,-0.04,-30.55,34.76,-6.91
71542,-1.87,-10.33,-2.67,-0.00,0.33,-0.30,-48.38,26.95,-0.57
72613,3.82,-9.95,-4.19,-0.78,1.15,-1.10,-37.61,26.60,-2.37
73687,-0.58,-9.30,3.30,0.07,-0.62,0.03,-32.33,48.36,-10.19
74800,0.15,-7.71,5.08,0.56,1.08,-0.68,-45.60,58.68,-10.70
75870,0.33,-8.12,4.71,0.15,-0.27,0.72,-68.09,56.62,-12.20
76941,-0.40,-8.74,4.82,0.03,0.04,-0.02,-43.73,56.43,-9.49
78012,-0.47,-8.64,4.88,-0.03,-0.04,0.01,-40.97,55.82,-10.82
79083,-0.48,-8.73,4.98,-0.04,0.07,0.00,-37.45,55.25,-12.28
80153,-0.59,-8.70,4.74,0.05,0.07,0.01,-38.63,55.07,-10.80
81224,0.82,-9.45,2.65,-0.09,0.71,-0.29,-58.13,50.85,-3.81
82298,-0.05,-9.38,1.24,-0.23,-0.20,0.17,-73.63,46.40,-8.93
83368,-1.07,-9.78,0.85,0.04,-0.02,-0.04,-45.89,44.02,-1.36
84439,-1.30,-9.53,-0.16,0.49,-0.36,-0.00,-39.46,39.81,-2.24
85510,-1.68,-9.40,2.89,0.47,-0.33,0.12,-32.86,45.89,-8.67
86581,2.26,-8.40,8.90,0.29,0.11,0.26,-35.43,60.22,-20.99
87694,1.14,-7.10,6.95,0.03,0.05,0.00,-34.00,59.82,-23.21
88765,0.90,-7.07,6.90,0.02,-0.20,0.44,-31.69,58.90,-24.60
89836,0.59,-7.24,7.06,0.21,-0.07,0.09,-30.97,58.37,-24.22
90906,0.91,-7.11,6.87,-0.03,-0.35,0.42,-24.28,53.67,-29.92
91980,0.37,-7.38,6.83,-0.07,0.12,-0.11,-28.41,56.46,-23.28
93051,0.44,-8.20,5.72,-0.00,0.04,-0.04,-40.40,58.23,-14.75
94121,0.54,-8.20,5.64,0.04,0.02,-0.01,-39.14,59.15,-15.10
95192,0.66,-8.46,5.36,0.00,0.04,-0.01,-38.42,58.05,-14.40
96263,0.65,-9.09,2.95,0.46,0.55,-0.46,-45.88,53.55,-6.87
97333,1.17,-8.72,4.50,0.03,1.67,-0.72,-69.28,56.69,-12.29
98446,-0.89,-8.94,4.20,-0.26,-0.77,0.43,-75.52,54.28,-15.83
99517,-1.16,-9.77,1.30,-0.73,-0.42,0.51,-34.73,42.33,-5.48
100590,0.72,-10.16,1.52,0.18,0.12,-0.05,-45.98,49.59,-3.24
101661,1.47,-4.73,8.21,0.88,0.57,-0.74,-83.95,50.37,-29.98
102732,-0.45,-6.77,6.71,-0.90,0.01,0.33,-86.01,48.19,-37.96
103803,-2.55,-8.54,4.95,0.01,-0.24,-0.09,-82.91,51.11,-43.06
104873,-1.25,-6.93,7.12,-0.08,0.15,-0.35,-83.19,52.70,-38.54
105944,-0.04,-5.77,8.27,0.36,-0.10,-0.09,-85.60,47.40,-39.62
107015,0.40,-5.16,8.64,0.07,-0.06,-0.02,-85.88,47.57,-39.07
108086,0.43,-4.67,8.90,0.12,-0.01,0.08,-85.33,47.75,-38.54
109156,5.03,-5.15,6.95,0.03,-0.08,-0.01,-60.68,64.76,-21.09
110273,4.24,-7.00,5.58,0.06,0.07,-0.03,-54.71,62.26,-15.14
111344,1.52,-9.23,0.79,0.43,-0.30,0.17,-48.01,50.32,-4.94
112415,2.69,-15.11,5.45,-2.27,1.75,1.15,-23.40,45.72,-25.11
113486,0.05,-9.85,1.86,0.18,0.22,0.01,-21.89,41.92,-25.08
114556,0.54,-8.79,2.66,-0.56,0.12,-0.22,-27.16,47.73,-19.58
115627,3.64,-10.94,0.17,-0.68,-1.35,0.46,-26.21,44.34,-17.66
116698,0.24,-9.62,-0.13,-0.24,-0.16,-0.30,-36.48,41.79,-7.82
117769,0.70,-9.53,-0.04,0.29,-0.02,0.20,-31.69,42.37,-10.63
118842,0.15,-9.90,0.33,0.07,-0.04,-0.03,-31.79,41.99,-10.77
119913,-1.82,-8.97,1.76,-0.05,0.25,-0.52,-31.58,41.64,-10.29
120984,2.15,-7.15,6.53,0.08,-0.07,-0.05,-41.13,60.64,-21.05
122097,0.00,0.00,0.00,26.91,23.74,0.03,-41.54,61.15,-21.06
123167,18.96,0.03,0.00,-25.34,-8.76,-23.76,-35.06,60.20,-25.39
124238,8.86,0.03,0.00,24.71,-39.10,-37.84,-32.52,60.79,-37.09
125309,-15.91,-10.13,0.02,-36.91,23.77,28.46,-26.18,53.52,-41.96
126380,-1.82,5.48,0.02,25.96,-18.45,16.26,-25.31,51.32,-43.19
127453,31.21,0.03,0.00,20.02,-7.19,-28.45,-27.96,56.40,-36.17
128524,-13.77,3.95,0.03,8.76,-2.81,25.33,-28.85,57.38,-36.33
129595,3.36,-6.24,7.21,-0.02,-0.05,-0.02,-41.49,63.74,-27.26
130665,-15.03,0.03,0.00,-2.81,-19.39,-19.07,-42.58,64.12,-28.00
131736,3.65,-5.85,7.24,0.01,0.00,-0.01,-42.27,64.48,-27.84
132807,3.66,-5.83,7.32,0.02,0.02,-0.01,-42.79,64.50,-27.93
133921,-26.94,21.72,0.03,5.32,-3.44,-2.82,-35.05,62.42,-34.49
134992,2.65,-5.16,7.93,0.20,-0.12,0.26,-34.64,62.34,-35.03
136063,-4.61,0.04,0.00,34.40,11.26,26.88,-35.59,63.15,-34.93
137136,0.00,0.00,0.00,-7.61,3.87,0.00,-85.47,42.84,-26.56
138207,0.37,-9.32,3.08,0.24,-0.04,-0.11,-88.61,42.65,-36.33
139277,-2.35,-7.95,5.93,-0.01,-1.03,0.93,-81.54,55.55,-24.44
140348,3.56,-5.83,9.59,1.02,-0.84,0.58,-68.43,64.10,-22.51
141419,-3.06,-19.62,0.03,-39.72,4.38,-28.46,-69.58,64.66,-25.99
142490,1.57,-5.45,7.90,-0.05,0.06,-0.08,-75.68,60.71,-25.29
143560,1.56,-6.41,7.58,0.03,0.01,-0.01,-76.18,58.74,-22.77
144631,1.45,-7.29,6.97,-0.57,0.21,-0.18,-77.38,56.69,-20.26
145747,1.17,-7.98,5.83,0.02,-0.01,0.06,-76.45,55.50,-17.93
146818,1.12,-7.78,6.25,0.05,-0.02,0.03,-75.86,56.49,-17.26
147889,1.44,-7.71,6.27,0.03,-0.02,0.02,-75.23,57.22,-17.77
148959,1.25,-7.56,6.37,0.02,-0.00,0.01,-74.39,57.60,-17.58
150030,1.45,-7.48,6.33,0.01,0.05,-0.03,-74.55,57.80,-17.82
151101,6.98,9.80,23.35,0.00,0.00,0.00,-72.83,58.54,-17.70
152170,1.92,-6.10,7.48,0.16,-0.08,-0.03,-76.12,58.39,-21.34
153241,1.45,-6.50,7.49,0.10,0.09,0.13,-76.88,58.16,-23.06
154311,1.62,-6.93,6.88,-0.24,0.07,-0.12,-77.07,57.15,-20.87
155385,1.72,-6.99,7.00,-0.04,0.09,-0.09,-78.79,55.14,-20.40
156456,1.14,-7.41,6.36,0.05,-0.21,0.34,-80.01,54.08,-22.10
157570,1.03,-8.04,5.73,-0.00,-0.01,0.00,-79.48,53.79,-20.72
158640,1.06,-8.03,5.80,0.16,-0.12,-0.02,-78.59,54.47,-19.12
159711,1.20,-7.95,6.04,-0.02,0.02,-0.00,-77.65,55.03,-18.90
160782,1.33,-8.02,5.88,0.03,-0.01,0.01,-77.58,54.33,-19.39
161853,1.16,-6.92,7.02,0.07,-0.48,0.17,-73.98,59.57,-20.87
162923,-38.89,-0.03,0.03,-37.53,-19.70,10.95,-73.02,60.39,-20.75
163997,0.95,-8.34,5.22,-0.49,-0.25,0.32,-85.97,46.74,-29.03
165068,-29.09,-26.38,0.01,33.78,33.78,2.19,-84.48,46.84,-22.79
166138,1.19,-9.15,3.72,-0.45,0.21,-0.07,-78.30,50.28,-15.92
167209,-0.76,-10.03,-1.19,-0.17,-1.35,0.40,-75.36,42.68,-9.46
168322,0.43,-9.31,2.65,1.07,-0.35,-0.66,-68.69,51.81,-9.63
169393,2.40,-7.05,7.07,1.04,-0.15,-0.53,-72.32,59.09,-18.25
170464,0.99,-7.62,6.55,0.12,0.05,-0.14,-73.12,59.02,-20.08
171534,2.38,-7.19,5.15,0.17,0.51,0.43,-73.57,56.80,-17.07
172608,1.94,-7.17,6.69,-0.01,0.01,-0.00,-73.37,57.88,-19.22
173678,2.45,-7.22,6.45,-0.00,0.03,0.01,-73.79,56.65,-17.49
174749,2.47,-7.19,6.45,0.01,0.04,0.01,-74.55,56.83,-17.54
175820,2.48,-7.27,6.41,0.03,-0.03,0.04,-73.12,57.76,-17.04
176891,13.18,-9.52,0.02,9.07,-7.19,30.34,-72.84,57.37,-17.19
177961,2.39,-7.37,6.27,0.00,0.03,0.00,-73.06,57.09,-16.98
179032,2.43,-7.35,6.29,0.01,-0.01,0.04,-73.18,57.34,-17.23
180103,2.34,-7.39,6.42,-0.01,0.01,-0.02,-72.92,57.38,-17.20
181217,2.32,-7.36,6.45,-0.01,0.02,0.01,-73.02,57.02,-16.49
182290,2.35,-7.41,6.39,0.01,-0.00,-0.02,-73.12,56.91,-17.70
183361,2.37,-7.50,6.22,0.00,0.02,0.00,-73.69,56.96,-16.66
184432,2.30,-7.62,6.21,-0.01,0.03,0.01,-73.94,56.66,-17.26
185502,2.37,-7.40,6.31,0.06,-0.05,0.02,-73.40,56.59,-16.49
186573,2.23,-7.32,6.41,0.01,0.02,0.03,-73.03,57.42,-16.91
187644,2.91,-5.13,7.61,0.72,-0.47,0.86,-63.62,64.86,-22.60
188714,2.30,-6.33,7.48,-0.03,0.01,-0.02,-61.03,64.82,-20.04
189785,2.03,-6.40,7.44,-0.00,0.02,-0.01,-61.21,63.90,-18.90
190859,1.76,-6.91,7.00,0.01,-0.02,-0.03,-67.38,61.34,-18.17
191971,1.79,-6.84,7.08,0.01,0.02,0.00,-67.16,61.46,-18.85
193042,2.04,-6.87,6.91,-0.11,0.10,-0.15,-68.18,61.21,-18.08
194113,2.56,-5.75,7.56,0.32,0.13,-0.13,-74.09,59.81,-21.75
195183,2.43,-2.50,7.74,-0.07,-0.17,0.21,-79.82,57.37,-29.77
196254,-0.44,-10.30,-0.06,-0.39,-0.35,0.19,-73.81,43.80,-7.64
197325,0.58,-8.32,5.13,-0.19,-0.53,0.26,-67.92,59.11,-14.09
198395,0.34,-8.93,4.25,-0.05,0.09,-0.04,-74.66,53.76,-14.41
199466,0.40,-9.42,2.79,0.11,0.17,-0.07,-73.66,51.10,-11.02
200540,0.55,-9.04,4.09,0.18,-0.09,-0.05,-74.14,53.62,-12.95
201610,-1.81,-9.74,8.23,2.41,0.90,-0.82,-74.35,59.44,-22.74
202681,2.18,-6.04,2.07,-4.83,-2.05,0.17,-53.13,67.16,-35.25
203795,-1.30,-7.94,5.94,0.79,-0.01,-0.33,-44.75,61.27,-16.57
204866,0.62,-9.50,2.30,-0.24,-0.31,0.33,-54.34,50.99,-2.84
205937,-0.89,-11.11,0.19,-1.23,0.59,0.08,-80.44,41.26,-14.67
207008,-0.50,-9.26,-0.87,1.32,-0.54,-0.09,-43.79,41.83,1.51
208078,-1.42,-12.02,-1.45,-1.96,1.33,0.53,-45.57,44.29,0.56
209152,-0.14,-11.57,-0.50,-1.30,0.03,0.11,-57.61,44.42,1.81
210223,-0.68,-9.57,0.30,0.09,0.32,-0.29,-32.99,44.05,-6.09
211293,-1.70,-9.43,0.25,-0.25,-0.28,-0.01,-20.64,41.30,-16.16
212364,-1.46,-9.46,-1.13,-0.02,-0.07,0.04,-18.17,38.04,-18.61
213435,-1.29,-8.18,4.47,0.06,0.01,-0.20,-21.47,49.37,-21.50
214505,-0.65,-10.69,2.43,-1.90,1.46,-0.31,-83.63,52.84,-22.70
215618,0.14,-8.40,0.86,0.52,-0.65,-0.28,-74.35,42.93,-66.72
216689,2.06,-8.63,4.01,0.87,0.59,-0.08,-55.70,27.68,-75.05
217760,0.16,-3.67,9.54,-0.42,-2.49,0.79,-64.95,5.03,-52.66
218833,-0.81,-9.35,-2.31,1.06,-0.77,-0.34,-55.10,43.92,-72.08
219904,-0.26,-10.64,-1.90,-0.40,0.47,0.46,-63.50,42.03,-68.44
220975,1.58,-8.93,5.16,-0.43,0.32,0.55,-40.25,22.26,-69.38
222045,1.62,-6.47,7.17,-0.14,0.39,-0.66,-28.02,20.80,-63.48
223116,1.00,-8.46,5.35,-0.59,-0.45,0.34,-25.08,29.17,-62.60
224187,1.30,-10.03,2.32,0.89,1.87,-0.56,-65.90,35.69,-70.33
225258,-0.28,-8.35,3.77,-0.08,-0.71,-0.28,-17.90,38.13,-50.96
226328,1.34,-17.17,6.62,-0.02,1.91,-2.77,-16.98,41.44,-32.36
227445,0.23,-8.77,-1.83,-1.00,-0.98,1.36,-16.47,38.54,-42.69
228515,-1.13,-10.03,2.07,1.03,-0.90,0.59,-17.33,39.20,-45.67
229586,-1.31,-10.91,2.73,0.35,-1.51,-1.17,-59.34,46.54,-67.60
230657,-1.15,-7.28,4.94,-0.42,-0.07,0.09,-64.41,27.81,-69.51
231727,-0.24,-9.45,-0.79,0.59,-0.66,-0.68,-54.94,50.73,-69.09
232798,-1.20,-8.11,-3.21,0.31,-0.80,-0.29,-50.61,44.45,-61.12
233869,-0.02,-8.66,-2.86,0.54,2.79,-0.72,-30.25,45.40,-54.17
234940,4.38,-9.69,-0.33,0.52,0.99,0.10,-30.43,47.78,-19.12
236013,0.78,-10.93,-3.57,-2.60,0.78,-0.89,-35.65,34.13,-13.93
237084,0.20,-11.31,2.72,-0.55,-0.83,-0.32,-35.15,49.58,-23.25
238197,5.64,-19.35,19.43,5.92,0.86,-0.49,-30.52,50.06,-32.67
239268,-0.25,-7.05,11.24,-1.05,0.90,1.28,-41.82,70.71,-27.58
240338,-5.52,-1.69,9.97,0.03,-0.13,0.91,-63.55,68.53,-55.06
241409,-8.22,-5.49,6.98,1.30,-0.32,-0.96,-77.29,61.44,-77.62
242480,-5.63,-2.82,7.47,-0.08,4.09,-2.91,-70.61,6.75,-72.77
243550,1.56,-9.45,0.47,0.84,0.22,-0.39,-56.62,49.63,-3.87
244624,2.12,-9.68,-0.12,-0.36,-0.00,0.03,-51.21,53.24,-5.71
245695,0.73,-9.48,-0.18,0.23,-0.02,0.02,-49.14,51.34,-5.29
246765,2.12,-11.28,0.21,-1.31,1.97,0.78,-46.83,51.46,-6.39
247836,1.03,-10.09,0.30,1.40,-0.72,-0.25,-48.42,54.36,-12.85
248907,2.16,-5.66,7.52,0.80,0.34,0.14,-54.91,58.04,-39.55
249977,-1.17,-4.64,12.70,2.48,0.27,4.79,-48.54,55.41,-38.79
251091,4.91,-10.07,5.14,-0.76,-0.21,0.43,-73.40,25.93,-25.37
252161,-0.49,-13.84,-0.51,1.28,3.26,1.03,-51.86,46.20,-3.96
253232,-0.55,-10.95,-5.82,1.18,0.95,0.23,-28.09,39.36,-11.77
254306,0.39,-10.01,0.80,0.06,0.00,0.02,-43.00,58.24,-10.98
255376,1.90,-10.11,2.29,1.09,0.65,-0.27,-45.72,51.39,-12.53
256447,1.70,-6.74,-6.30,-2.47,1.07,1.37,-63.17,21.78,-12.34
257518,-3.21,-5.52,-6.68,-2.43,2.53,0.86,-65.32,22.43,-14.73
258588,0.12,-12.88,-2.15,-0.24,-0.48,0.39,-35.37,36.31,-11.11
259659,0.67,-8.18,5.82,0.02,0.90,-0.29,-49.44,56.93,-25.15
260730,1.30,-7.67,6.40,0.33,0.56,-0.40,-48.25,57.38,-27.61
261842,-0.65,-3.86,9.46,0.19,-0.03,0.08,-45.16,57.57,-39.64
262916,0.39,-8.09,4.48,0.43,0.21,-0.37,-44.80,55.03,-24.32
263987,0.04,-8.80,2.90,-0.45,-0.94,0.65,-36.47,49.96,-21.86
265057,-0.32,-9.87,-1.92,-0.79,-0.32,-0.32,-32.23,38.57,-11.85
266128,-2.63,-9.07,3.01,-0.20,0.05,-0.07,-29.41,42.62,-15.55
267199,-2.77,-9.07,2.94,0.04,0.00,-0.07,-29.01,42.55,-15.87
268269,-2.15,-19.17,-1.77,7.01,0.33,-3.34,-36.39,51.10,-16.44
269340,-1.07,-10.66,2.94,0.27,0.02,-0.41,-42.66,49.36,-10.87
270411,-1.64,-9.28,2.79,0.82,-1.44,-0.37,-47.68,52.03,-10.86
271484,3.68,-8.38,4.17,-0.08,-0.07,0.25,-55.07,55.44,-14.88
272555,4.72,-7.35,6.52,-1.01,-0.46,1.92,-59.89,61.87,-25.20
273667,3.75,-4.82,8.17,0.11,0.03,0.09,-54.47,64.40,-34.52
274738,4.01,-4.25,8.00,-0.09,0.29,-0.04,-54.18,63.75,-36.14
275809,5.32,-8.43,10.49,1.80,1.44,-0.71,-54.98,63.93,-38.69
276879,1.30,-6.75,7.82,0.07,-0.25,0.94,-50.07,62.83,-27.68
277950,1.25,-5.17,7.93,1.10,-0.07,0.08,-45.95,62.77,-33.98
279021,-1.71,2.83,9.72,1.84,-3.12,-2.51,-76.94,57.47,-43.70
280091,4.86,-6.08,6.49,1.04,-1.43,1.92,-67.07,59.24,-25.33
281165,3.33,-6.45,7.05,-0.01,-0.04,0.00,-63.87,60.54,-26.82
282236,3.47,-6.77,6.60,0.02,0.05,-0.05,-62.96,60.39,-25.02
283306,3.51,-6.73,6.61,0.02,0.05,-0.03,-63.05,60.10,-24.55
284377,3.55,-6.56,6.93,0.01,-0.02,0.00,-64.02,60.26,-24.95
285490,2.88,-6.64,6.91,0.04,-0.05,-0.04,-60.99,62.03,-26.16
286561,3.33,-7.79,6.89,0.29,-0.25,0.35,-58.77,60.29,-22.62
287631,3.42,-4.55,8.38,-0.21,0.08,0.01,-55.76,63.69,-36.57
288702,3.73,-9.43,0.93,-1.19,0.43,0.16,-58.83,49.71,-8.40
289776,2.81,-9.78,-2.21,-0.36,0.35,0.62,-42.05,41.57,-0.60
290846,4.19,-11.91,-0.26,-1.27,0.65,0.03,-49.09,36.20,2.21
291917,4.60,-5.07,2.83,1.26,1.94,-2.37,-76.19,55.99,-17.45
292988,-10.42,7.61,6.61,1.65,-2.37,0.40,-72.52,5.00,-38.03
294059,4.02,-10.89,-0.99,-2.13,1.94,-0.04,-59.47,36.88,0.98
295130,2.03,-8.39,-2.00,1.24,0.04,0.09,-74.35,40.46,-1.46
296200,1.02,-9.72,0.34,-0.19,-0.02,-0.21,-73.43,45.85,-2.25
297314,0.96,-11.38,-0.50,0.47,-0.88,0.37,-89.32,37.93,-18.71
298385,1.22,-9.17,2.09,0.55,-0.03,0.01,-61.85,54.24,-1.56
299459,0.47,-7.76,4.89,0.17,-0.16,0.04,-23.19,55.45,-19.64
300530,2.09,-9.22,3.11,-0.08,-0.14,-0.06,-57.78,55.41,-2.12
301600,1.32,-9.01,4.16,0.19,0.38,0.10,-61.09,58.10,-3.57
302671,-0.37,-7.15,3.74,-0.83,-1.20,-4.24,-73.17,63.36,-16.50
303742,2.10,-9.69,1.63,0.08,-0.06,-0.01,-44.49,52.28,0.85
304813,1.44,-8.93,5.10,-0.56,0.03,-0.22,-79.66,52.44,-11.72
305884,1.82,-10.66,-1.64,0.56,-0.50,0.60,-91.01,40.75,-38.16
306954,2.61,-9.88,-2.55,-0.23,2.25,0.35,-45.45,52.69,-63.58
308071,2.99,-8.77,1.55,0.42,0.36,-1.19,-17.51,43.88,-42.34
309141,2.17,-7.31,6.19,0.54,-0.20,-0.45,-20.99,43.50,-53.61
310212,-1.56,-7.25,5.03,-0.54,-0.56,1.10,-18.28,48.87,-29.57
311283,-0.25,-8.61,3.41,-0.46,0.17,-0.05,-16.50,43.96,-29.22
312354,-0.72,-10.08,-0.44,0.37,0.10,-0.72,-23.00,38.15,-2.38
313425,-3.23,-8.86,4.62,-2.24,0.93,-3.84,-36.33,51.01,2.27
314495,1.80,-8.90,2.92,1.82,0.25,-0.42,-39.14,59.84,-4.82
315566,-0.51,-9.28,4.94,-0.48,-0.60,0.54,-42.31,60.61,-3.45
316637,8.16,-15.74,6.53,2.16,-0.59,1.42,-39.86,62.35,-5.58
317711,-1.21,-6.69,7.30,-0.17,-0.90,-0.32,-44.59,72.32,-19.39
318781,1.21,-6.18,8.05,-0.37,0.28,-0.10,-40.82,71.88,-23.78
319896,0.88,-5.37,8.39,0.03,-0.07,0.05,-43.41,73.18,-25.45
320966,2.26,3.70,10.44,-1.48,1.96,3.27,-67.86,72.52,-25.37
322037,3.35,-0.47,9.60,0.47,0.87,-1.04,-72.98,70.52,-30.72
323108,1.20,-3.26,9.70,0.36,-0.18,0.01,-69.64,72.73,-34.70
324179,1.81,-2.18,9.72,0.17,0.02,0.01,-70.08,71.91,-37.53
325249,2.12,-8.68,6.33,-1.49,1.39,-0.13,-29.58,67.01,-27.65
326323,3.00,-7.59,5.89,-0.05,0.04,0.01,-27.76,65.49,-25.45
327394,1.99,-9.94,5.17,-1.12,-0.53,-0.07,-25.37,63.04,-24.51
328465,1.52,-11.01,0.36,0.44,1.65,0.10,-27.59,49.15,-60.51
329535,0.21,-9.68,-4.82,1.17,0.44,-0.71,-50.26,55.06,-67.86
330606,0.94,-10.42,0.64,-0.30,0.14,-0.13,-25.50,43.66,-63.01
331719,-1.46,-7.57,5.69,-0.46,-0.59,-0.35,-14.73,42.52,-26.43
332790,1.91,-9.40,0.09,-0.09,-0.48,-0.33,-21.24,47.72,-54.44
333861,1.49,-9.55,-1.25,0.06,-0.49,-0.44,-21.25,46.54,-55.33
334932,1.65,-10.12,2.63,2.32,-1.71,-0.97,-27.55,38.72,-65.77
336005,4.07,-8.37,3.32,-0.00,0.03,-0.02,-75.78,23.82,-61.55
337076,1.22,-9.64,-2.14,0.28,0.52,-0.12,-45.47,46.89,-71.46
338147,2.30,-10.09,-1.08,-0.08,-0.47,-0.66,-55.58,46.23,-71.16
339218,4.34,-9.12,1.23,0.38,-1.04,-0.40,-71.05,29.83,-66.28
340288,5.16,-8.34,1.70,0.02,0.04,0.01,-78.98,23.71,-57.66
341359,4.04,-6.87,5.89,0.37,0.16,-0.14,-48.95,18.58,-70.15
342430,-0.16,-7.07,2.75,0.33,0.63,1.17,-37.28,28.14,-71.37
343544,1.44,-10.43,2.94,0.59,2.36,0.26,-31.23,35.63,-68.17
344618,-0.37,-5.08,7.39,1.06,0.41,0.14,-13.87,36.25,-46.19
345688,-0.39,-5.51,8.26,0.08,0.05,-0.05,-13.30,33.08,-45.56
346759,-1.71,-3.27,7.47,0.30,-1.09,0.48,-13.10,22.86,-39.87
347830,2.08,-9.04,3.88,-0.45,0.92,-1.08,-16.43,42.79,-50.04
348901,0.12,-9.06,4.91,0.30,0.22,0.34,-12.89,35.79,-45.37
349972,0.30,-9.24,5.51,-1.09,-0.98,0.71,-20.30,28.52,-58.07
351042,0.01,-11.08,-2.89,-0.37,0.28,-4.70,-18.36,53.39,-42.78
352113,8.68,-5.82,-3.57,0.70,-0.62,0.12,-48.13,65.95,-56.49
353187,1.26,-9.20,-5.33,-1.06,1.54,0.23,-27.49,52.53,-58.05
354336,2.97,-8.47,-3.91,0.06,0.09,-0.17,-26.16,58.54,-47.02
355406,4.29,-8.47,-3.83,-0.00,0.64,0.16,-30.40,60.13,-49.46
356477,3.80,-9.27,-1.86,0.09,-0.49,0.35,-21.88,54.24,-43.79
357548,5.02,-8.24,-0.55,0.01,-1.52,1.70,-24.47,57.21,-44.77
358619,1.74,-8.28,-0.36,0.60,0.23,-0.07,-20.83,42.50,-56.99
359690,-0.64,-9.21,2.04,0.38,0.09,0.16,-21.09,31.50,-61.36
360760,-2.41,-11.33,5.02,1.68,0.55,0.21,-14.62,21.25,-50.25
361831,0.00,0.00,0.00,25.31,-21.00,0.01,-14.43,19.80,-48.98
362905,4.98,-8.93,-1.32,-1.43,0.50,-0.02,-34.65,53.16,-65.30
363975,4.59,-8.76,1.23,0.13,-0.05,0.07,-34.60,46.54,-69.16
365046,4.00,-8.08,2.99,0.27,0.38,0.06,-28.95,41.27,-67.48
366160,3.74,-6.50,8.24,0.81,0.33,-1.86,-16.14,23.38,-52.59
367231,-9.17,-5.45,8.45,-0.20,0.18,0.90,-18.31,6.49,-43.98
368302,-8.98,-3.29,2.43,0.46,-0.43,-0.69,-28.72,-0.77,-53.13
369373,-8.87,-2.07,3.14,-0.25,1.11,0.51,-31.88,-5.92,-42.41
370443,-9.44,-2.70,1.11,-0.16,-0.05,0.00,-27.55,-4.53,-37.17
371517,-9.39,-2.72,0.84,-0.03,-0.00,-0.00,-27.89,-4.22,-40.50
372588,-6.24,-0.63,7.78,0.55,0.32,-0.00,-37.09,-5.76,-42.34
373658,-8.43,-2.04,4.01,-0.45,0.54,0.62,-30.47,-4.93,-42.52
374729,-9.45,-2.52,1.37,-0.11,0.56,-0.13,-29.33,-1.14,-53.61
375800,-9.42,-0.07,2.87,0.21,-0.23,0.31,-42.85,0.85,-63.12
376913,-8.87,-3.79,0.98,0.19,-0.36,-0.26,-28.54,6.52,-62.89
377984,2.75,-10.93,-1.63,-1.86,0.07,1.11,-58.54,43.16,-73.91
379054,1.35,-8.75,-3.14,0.53,0.67,0.48,-39.84,53.08,-64.75
380125,1.44,-9.26,-1.49,0.04,-0.47,-0.04,-87.11,40.44,-41.83
381199,-0.10,-7.87,-5.21,-0.88,-0.04,-0.64,-75.36,29.61,-9.54
382270,2.65,-8.35,-4.16,-0.13,0.78,0.40,-82.34,25.71,-20.13
383340,3.68,-8.89,-2.63,-0.14,-1.09,-0.69,-86.76,32.29,-30.44
384411,3.13,-9.17,-0.87,1.37,-1.09,0.35,-84.58,33.38,-21.82
385482,1.88,-6.46,8.85,0.46,-0.07,0.24,-82.94,50.61,-27.00
386553,1.88,-4.48,8.89,0.12,-0.05,0.10,-80.61,55.77,-29.14
387623,2.03,-4.19,8.57,-0.38,0.15,-0.27,-76.12,60.25,-30.11
388738,3.34,-8.04,5.45,-0.36,-0.97,-0.03,-77.38,47.16,-14.07
389811,3.87,-7.20,5.92,0.04,0.02,-0.00,-75.02,51.34,-13.94
390882,1.93,-7.72,10.05,-0.02,1.06,-0.29,-76.16,52.69,-16.22
391953,2.34,-9.24,0.29,-0.31,-4.22,0.58,-25.86,50.67,-13.56
393023,2.51,-9.05,-2.18,0.80,-1.03,1.61,-36.44,41.08,-72.39
394094,1.55,-6.82,-2.16,0.08,0.75,-0.11,-32.89,38.79,-66.54
395165,4.75,-7.94,0.78,-0.99,2.34,-1.20,-27.05,45.66,-61.25
396236,3.77,-7.16,4.02,-0.36,-1.59,1.02,-19.73,45.00,-52.16
397306,4.12,-9.08,3.84,1.22,0.21,-0.62,-24.04,44.94,-59.02
398380,2.36,-9.72,4.08,0.75,-2.43,1.72,-28.24,36.29,-65.58
399493,1.83,-9.34,3.83,-0.11,0.41,-0.12,-60.60,29.85,-72.52
400564,2.46,-7.92,5.17,-0.04,0.05,-0.13,-27.16,34.38,-65.67
401635,2.73,-9.64,0.25,-0.11,-0.55,0.26,-25.75,48.42,-56.74
402705,2.07,-11.10,3.91,-0.25,-0.89,0.35,-44.58,34.74,-72.68
403776,2.68,-9.15,2.53,0.52,0.12,-0.01,-73.12,29.20,-64.94
404847,3.71,-9.03,2.73,-0.09,0.36,-0.18,-55.42,31.76,-73.33
405917,3.39,-8.34,1.31,-0.10,0.62,0.37,-48.03,39.42,-73.31
406988,0.94,-8.94,2.39,0.52,-0.15,0.04,-19.75,42.69,-54.88
408062,4.02,-9.28,4.70,1.03,-0.89,0.74,-29.38,29.68,-67.42
409132,4.17,-10.55,3.58,-2.01,-0.98,0.68,-72.16,27.96,-66.56
410203,3.81,-9.07,-1.18,-0.05,-1.07,0.30,-87.46,30.97,-34.95
411317,2.67,-8.80,-2.40,-0.08,0.05,-0.21,-82.08,38.79,-54.93
412388,0.70,-9.17,-3.31,0.11,0.04,0.14,-81.16,47.94,-53.32
413458,-1.21,-10.29,-2.73,-0.05,0.04,0.71,-76.28,53.13,-55.67
414529,-1.42,-9.50,-1.06,0.01,0.07,0.06,-78.28,49.88,-55.50
415600,-0.56,-9.78,-0.80,-0.20,0.11,0.12,-80.69,46.86,-55.12
416673,-1.11,-9.48,-2.41,0.27,0.17,0.36,-73.33,52.21,-59.16
417744,-1.92,-9.01,-2.58,-0.49,0.03,-0.35,-71.69,52.69,-59.68
418815,-0.75,-9.85,-2.22,-0.68,-0.10,0.13,-74.31,50.95,-59.19
419886,-1.81,-9.21,-2.65,-0.07,0.07,0.09,-73.18,54.63,-58.08
420956,-1.57,-9.33,-3.33,0.30,-0.40,-0.19,-74.50,56.15,-55.51
422027,-1.33,-9.82,-2.68,0.10,-0.09,0.21,-74.47,53.26,-57.83
423141,-0.99,-9.14,-2.61,0.20,0.41,-0.07,-74.35,51.11,-58.81
424212,-1.02,-9.26,-2.76,0.22,-0.07,0.04,-72.07,52.12,-60.52
425285,-0.66,-9.41,-2.74,0.18,0.12,-0.04,-72.87,51.46,-60.14
426356,-0.59,-9.57,-2.87,-0.24,0.03,-0.06,-73.57,52.31,-58.83
427427,-2.37,-10.60,-4.22,0.17,0.24,0.05,-70.96,51.53,-61.96
428497,0.40,-10.29,-0.49,-0.05,0.12,-0.05,-66.98,46.99,-66.68
429568,0.14,-10.16,-1.52,-0.15,-0.02,0.32,-69.85,47.62,-64.63
430639,-0.04,-9.74,-0.92,0.13,0.00,-0.11,-71.67,46.61,-64.31
431710,1.12,-10.52,0.12,0.39,0.08,0.03,-74.57,43.32,-62.45
432780,-38.58,-0.95,0.00,8.76,-15.95,-35.97,-69.66,32.17,-67.44
433851,0.88,-8.90,-1.18,0.05,0.05,-0.46,-70.39,44.81,-65.46
434968,0.57,-9.75,-1.23,-0.01,0.05,-0.03,-70.15,45.62,-64.98
436039,0.54,-9.89,-1.25,0.07,0.04,0.01,-66.81,45.54,-67.44
437110,-0.25,-9.62,-0.88,0.14,0.08,0.07,-63.65,45.40,-67.92
438180,0.03,-8.95,0.15,0.37,0.12,-0.22,-58.33,39.26,-71.78
439251,1.20,-8.83,4.62,0.11,0.11,-0.19,-35.19,28.87,-69.45
440322,2.44,-8.32,5.41,0.07,0.21,-0.30,-42.39,24.96,-71.19
441393,1.90,-8.26,5.36,0.06,0.09,-0.07,-33.76,27.24,-68.56
442463,0.73,-9.34,-1.35,0.03,-0.10,-0.21,-69.45,45.57,-65.13
443537,0.37,-9.58,-1.22,0.06,0.00,-0.07,-69.72,46.00,-64.67
444607,0.41,-9.61,-1.06,0.05,0.11,-0.10,-67.74,46.04,-65.52
445721,0.23,-9.50,-1.44,0.24,-0.00,-0.10,-70.04,47.53,-64.98
446792,1.05,-9.37,-1.41,-0.20,-0.35,-0.05,-65.54,46.04,-67.52
447862,0.33,-9.06,-1.40,0.31,0.07,-0.05,-63.87,46.13,-67.36
448933,0.35,-10.74,-0.89,-0.25,-0.12,-0.05,-64.92,45.45,-67.93
450004,0.82,-9.66,-0.94,0.29,0.10,-0.08,-64.98,44.96,-68.01
451075,0.67,-9.50,-0.74,0.01,0.07,-0.33,-66.35,45.44,-66.97
452148,0.22,-10.09,-0.63,-0.09,-0.00,-0.01,-65.81,45.50,-67.42
453219,0.59,-9.51,-1.07,0.19,0.10,0.13,-66.50,46.48,-67.80
454290,1.50,-9.90,-1.26,-0.26,-0.31,0.46,-65.30,44.93,-68.58
455360,0.76,-9.61,-0.65,0.13,-0.03,-0.03,-65.05,44.65,-69.03
456431,0.49,-10.12,-1.34,0.06,0.18,0.02,-65.76,45.69,-68.25
457545,0.70,-10.01,-1.21,0.01,0.08,0.05,-64.95,45.37,-68.14
458615,1.35,-9.51,0.72,0.39,0.61,-0.42,-59.82,38.38,-70.86
459686,1.57,-9.46,1.15,0.19,0.28,-0.28,-56.30,37.66,-72.68
460757,1.98,-9.45,2.50,0.34,0.57,-0.34,-56.07,31.91,-72.96
461830,0.56,-9.22,-2.65,-0.22,0.35,-0.19,-68.24,49.63,-64.37
462901,1.05,-10.04,-4.11,0.62,-1.06,0.57,-65.52,55.04,-62.22
463972,0.22,-10.72,-2.19,-0.10,-0.57,-0.25,-71.97,49.75,-62.67
465043,-1.97,-10.86,0.48,-0.12,1.34,-0.61,-67.90,40.95,-68.90
466113,1.56,-9.16,3.07,0.00,0.28,0.02,-56.09,30.75,-72.38
467184,0.28,-8.64,1.46,-0.18,-0.50,0.06,-59.43,33.98,-71.92
468298,1.15,-9.79,1.64,0.02,-0.24,0.12,-67.92,35.57,-69.48
469369,1.02,-10.00,0.10,-0.10,0.33,0.24,-72.67,41.20,-64.75
470442,0.43,-7.53,3.75,-1.07,0.16,0.31,-40.50,29.82,-72.08
471513,0.11,-8.95,-2.66,-0.02,-1.30,0.49,-17.54,45.48,-45.38
472583,0.14,-8.77,-3.58,0.49,-0.43,0.30,-19.01,45.09,-46.40
473654,0.08,-9.46,-3.19,0.69,-0.03,-0.06,-16.84,43.44,-40.60
474725,1.48,-9.17,-0.18,-0.04,0.22,0.17,-17.70,44.96,-29.25
475796,-0.44,-9.48,-2.49,-0.55,-0.06,-0.31,-18.11,41.46,-33.35
476866,0.61,-7.83,-4.88,-0.02,0.29,-0.08,-19.75,38.09,-31.54
477937,-0.86,-7.17,-8.49,-0.62,0.47,0.35,-20.43,41.89,-37.45
479011,0.10,-7.76,-6.50,0.62,-0.16,0.14,-20.49,41.65,-39.49
480124,-0.48,-7.39,-6.15,-0.08,-0.01,0.54,-26.72,47.08,-52.13
481195,-0.34,-8.23,-4.91,0.96,0.11,0.09,-23.69,45.15,-48.51
482266,-1.06,-7.93,-4.97,0.41,0.03,-0.15,-20.40,41.93,-43.09
483336,0.21,-9.10,-3.54,-0.74,-0.27,0.17,-20.83,41.74,-41.44
484407,-0.16,-8.39,-5.31,0.09,0.12,0.13,-20.58,42.09,-41.60
485478,-0.20,-8.43,-5.24,-0.10,-0.06,-0.04,-22.86,41.49,-44.39
486549,0.88,-8.43,-6.53,0.51,-0.28,-0.09,-28.24,51.10,-50.25
487619,-0.28,-9.07,-4.98,0.63,-0.24,-0.20,-27.23,44.23,-56.47
488693,-1.07,-8.71,-4.13,-0.23,0.03,0.08,-30.42,48.47,-56.36
489764,-0.46,-8.78,-4.10,-0.97,0.11,-0.12,-26.21,48.85,-49.80
490877,0.30,-8.35,-5.11,-0.19,-0.09,-0.24,-32.10,53.67,-53.41
491948,0.53,-10.30,-0.28,0.62,-0.75,0.24,-38.92,41.95,-66.68
493019,0.23,-9.74,-4.53,-0.71,-0.02,0.22,-25.31,48.20,-48.39
494089,-0.24,-8.00,-5.40,-0.45,0.07,-0.08,-20.77,42.44,-40.51
495160,0.52,-7.75,-4.66,0.41,0.33,-0.19,-19.88,42.43,-39.46
496231,0.47,-8.47,-5.16,-0.66,0.10,0.55,-19.86,41.35,-38.10
497304,-0.46,-9.07,-5.92,0.03,0.10,-0.06,-21.57,43.13,-43.06
498375,0.40,-8.37,-4.96,0.38,0.01,-0.06,-19.99,41.84,-40.69
499446,0.38,-8.48,-4.49,0.19,-0.01,-0.00,-24.22,48.51,-45.94
500517,-0.35,-8.53,-4.72,-0.12,0.17,0.14,-25.14,46.59,-49.55
501587,0.36,-9.66,-3.16,0.16,0.38,-0.45,-24.61,45.25,-51.37
502701,1.26,-9.42,2.94,0.60,-1.39,0.13,-52.44,30.01,-71.29
503772,0.70,-10.03,-0.17,1.32,1.68,0.05,-83.37,41.11,-53.58
504842,1.57,-8.21,-0.95,0.24,1.42,-0.22,-82.77,40.47,-55.20
505916,-0.60,-9.52,-2.79,0.04,0.08,0.11,-68.14,52.06,-63.78
506986,-0.28,-9.35,-3.18,0.41,-0.25,-0.12,-69.92,53.60,-61.90
508057,-0.66,-9.25,-2.42,-0.06,0.09,-0.07,-70.77,50.42,-62.99
509128,-0.90,-9.07,-2.36,-0.31,-0.17,0.29,-69.82,54.57,-61.27
510199,-1.42,-10.39,-3.59,0.13,0.15,0.10,-67.14,53.74,-62.91
511269,-1.46,-7.90,-2.05,-0.07,0.07,-0.33,-67.20,53.46,-63.65
512340,-2.09,-13.00,-3.21,0.80,0.05,-0.38,-70.39,53.36,-60.61
513411,0.11,-9.16,-1.23,-0.04,-0.06,-0.23,-76.26,45.76,-60.96
514526,2.31,-8.78,1.60,1.13,-0.44,-0.79,-77.76,32.49,-62.42
515597,3.22,-9.22,2.49,-0.36,2.07,-0.65,-85.05,34.51,-50.16
516668,5.11,-10.02,3.59,-1.96,-2.96,-1.62,-79.63,22.01,-53.60
517739,1.92,-8.76,-1.28,0.89,0.52,-0.54,-88.78,34.03,-33.97
518809,1.56,-6.19,5.13,0.57,-0.74,0.83,-35.27,23.71,-66.28
519880,-5.37,-11.14,-1.57,-0.55,0.50,-1.16,-27.36,45.47,-59.60
520951,1.46,-8.82,-2.93,2.79,-1.18,1.62,-21.18,47.52,-26.13
522021,-1.68,-10.18,-0.21,0.38,-0.34,0.46,-16.03,38.44,-37.45
523092,0.47,-10.36,-1.74,1.24,-0.70,-0.48,-17.67,43.60,-38.97
524166,1.96,0.19,2.06,9.54,6.66,1.00,-28.05,3.98,-40.22
525290,-4.57,6.42,-2.15,0.39,-0.26,1.22,-32.80,39.58,-5.01
526360,4.25,8.54,-4.35,2.11,2.01,2.60,-49.69,37.53,2.05
527431,5.99,6.39,-0.20,0.08,-0.43,-0.59,-65.43,33.27,-0.31
528502,-0.10,8.68,4.93,-0.77,1.24,-0.18,-47.71,6.72,-9.38
529572,6.39,4.04,5.93,-0.03,0.44,0.04,-62.20,3.81,-16.94
530643,1.87,3.88,8.44,-0.01,-0.07,-0.16,-59.75,-0.99,-26.40
531714,3.23,5.18,7.69,0.00,-0.06,0.01,-60.96,0.79,-21.57
532787,3.22,5.25,7.64,0.42,0.02,0.10,-60.32,1.58,-20.26
