Time,AccelX,AccelY,AccelZ,GyroX,GyroY,GyroZ,MagX,MagY,MagZ
28,-0.17,-0.41,0.72,30.46,-22.46,-9.22,,,
621,0.03,-0.61,1.03,-20.02,-9.89,-28.08,,,
1214,-0.12,-0.51,0.88,12.76,9.03,-9.34,,,
1807,-0.10,-0.60,0.85,-10.86,-61.04,81.67,,,
2400,-0.11,-0.64,0.79,3.23,-3.17,6.23,,,
2992,-0.01,-0.67,0.78,4.15,6.96,-78.55,,,
3585,-0.05,-0.67,0.69,-79.16,-19.41,75.07,,,
4177,-0.06,-0.39,0.89,-39.18,4.21,-15.50,,,
4771,-0.05,-0.37,0.89,21.36,-16.24,35.64,,,
5363,-0.15,-0.40,0.84,-37.11,57.98,-98.27,,,
6008,-0.18,-0.53,0.76,-57.62,-21.73,3.72,,,
6600,-0.20,-0.62,0.74,3.66,15.32,-29.85,,,
7192,-0.20,-0.66,0.76,-0.37,0.18,-3.17,,,
7786,-0.21,-0.65,0.74,-23.25,-33.63,7.32,,,
8378,-0.21,-0.85,0.46,-30.82,57.92,-47.49,,,
8972,-0.13,-0.91,0.39,1.71,-2.01,0.79,,,
9564,-0.17,-0.91,0.42,-2.14,-1.53,-2.69,,,
10156,-0.18,-0.91,0.43,-0.61,-1.04,0.79,,,
10749,-0.22,-0.92,0.40,-1.53,-0.55,-0.79,,,
11342,-0.16,-0.91,0.37,0.06,-10.74,1.34,,,
11935,-0.20,-0.97,0.40,-6.23,-8.24,2.20,,,
12528,-0.02,-0.78,0.64,7.32,-46.63,9.70,,,
13173,-0.06,-0.57,0.90,-4.15,2.56,6.29,,,
13765,-0.13,-0.56,0.88,-21.79,23.86,2.62,,,
14358,-0.19,-0.71,0.72,-41.56,60.00,-33.33,,,
14952,-0.20,-0.89,0.60,-19.78,45.78,-6.35,,,
15545,-0.20,-0.87,0.51,-0.06,0.61,0.55,,,
16138,-0.20,-0.85,0.54,-3.60,-2.93,1.28,,,
16731,-0.12,-0.85,0.53,7.93,11.05,-6.10,,,
17323,-0.11,-0.86,0.54,-2.08,-1.59,0.67,,,
17916,-0.12,-0.86,0.54,-0.31,-1.83,-0.37,,,
18508,0.06,-0.88,0.42,-16.60,-71.47,31.86,,,
19102,0.00,-0.91,0.46,2.56,-1.71,-2.01,,,
19704,0.03,-0.90,0.48,-1.53,2.62,-0.73,,,
20340,0.05,-0.77,0.79,29.79,10.86,25.57,,,
20933,0.05,-0.54,0.88,41.02,-50.84,106.93,,,
21526,0.03,-0.42,0.76,-61.58,3.11,-12.15,,,
22119,0.09,-0.49,0.89,-13.73,-32.78,77.21,,,
22712,-0.08,-0.43,0.91,-0.67,60.42,-117.31,,,
23307,0.01,-0.53,0.95,-11.47,-29.42,23.99,,,
23900,-0.01,-0.54,0.85,-20.08,-9.64,-2.99,,,
24492,-0.14,-0.61,0.82,12.33,10.62,-1.65,,,
25085,-0.05,-0.42,0.84,33.87,22.58,-43.21,,,
25678,-0.08,-0.47,0.81,-61.52,-30.64,32.35,,,
26281,-0.04,-0.54,0.85,1.53,-10.44,2.44,,,
26874,0.02,-0.51,0.90,-5.37,3.72,32.23,,,
27467,-0.20,-0.66,1.00,60.85,-5.80,76.78,,,
28114,-0.01,-0.44,0.92,69.40,30.33,-85.45,,,
28707,-0.14,-0.48,1.03,36.62,-14.71,9.46,,,
29300,-0.00,-0.43,0.94,-36.74,-48.95,13.73,,,
29894,0.05,-0.53,0.87,-3.85,-62.38,73.00,,,
30487,0.07,-0.65,0.80,-7.87,-2.75,9.89,,,
31080,0.06,-0.71,0.84,-12.21,-19.47,0.24,,,
31673,0.15,-0.71,0.74,14.77,-2.14,1.71,,,
32265,0.13,-0.67,0.77,-0.12,1.04,-1.46,,,
32867,-0.07,-0.62,0.72,59.14,52.86,59.39,,,
33460,0.21,-0.71,0.72,-3.60,3.78,-4.82,,,
34052,0.20,-0.70,0.73,-0.67,-1.22,-0.24,,,
34646,0.19,-0.69,0.74,-0.98,-2.14,-0.85,,,
35279,0.28,-0.73,0.68,-1.16,-2.50,-1.40,,,
35871,0.27,-0.73,0.68,-4.46,2.08,-2.81,,,
36464,0.28,-0.73,0.66,1.16,-0.98,0.31,,,
37057,0.18,-0.64,0.80,14.40,44.49,-39.67,,,
37650,0.15,-0.48,0.78,11.96,-34.30,28.20,,,
38243,0.04,-0.48,0.91,-9.40,-20.63,110.35,,,
38837,0.04,-0.46,0.91,35.95,-40.65,-16.17,,,
39429,-0.11,-0.44,0.97,-4.52,-10.50,65.67,,,
40031,-0.03,-0.51,0.86,-19.90,6.29,-84.05,,,
40625,-0.08,-0.58,0.87,-5.13,-20.69,55.30,,,
41218,-0.13,-0.59,0.83,-8.30,-5.31,-0.49,,,
41811,-0.15,-0.60,0.88,-9.03,67.08,-50.60,,,
42447,-0.23,-0.66,0.69,7.57,4.94,-2.44,,,
43039,-0.34,-0.70,0.70,24.96,53.77,-64.15,,,
43632,-0.18,-0.67,0.83,14.47,-53.10,79.16,,,
44225,0.25,-0.58,0.80,-11.66,1.22,41.44,,,
44819,0.04,-0.64,0.82,11.23,7.14,-4.09,,,
45411,0.02,-0.64,0.81,-2.50,-6.16,0.85,,,
46004,0.02,-0.66,0.79,-0.12,4.70,-3.42,,,
46605,0.02,-0.66,0.79,-0.55,-0.31,0.61,,,
47198,-0.01,-0.68,0.78,16.85,38.15,-15.14,,,
47791,-0.03,-0.46,0.93,22.46,13.67,-17.46,,,
48384,0.06,-0.50,0.97,16.05,14.22,12.27,,,
48978,-0.10,-0.54,0.94,57.80,-12.70,44.74,,,
49613,0.12,-0.56,0.95,2.32,-117.74,101.44,,,
50205,0.21,-0.62,0.91,13.06,-10.19,19.04,,,
50798,-0.07,-0.60,0.92,13.49,65.61,-66.04,,,
51391,-0.09,-0.73,0.91,-6.35,52.00,9.70,,,
51984,-0.22,-0.58,0.83,14.71,-4.70,5.13,,,
52577,-0.24,-0.54,0.78,16.42,55.73,-83.01,,,
53179,-0.27,-0.57,0.84,-2.81,-3.78,2.38,,,
53772,-0.12,-0.60,0.84,0.73,-5.37,23.99,,,
54364,-0.06,-0.57,0.89,10.56,-25.21,3.17,,,
54958,0.06,-0.53,0.85,1.71,4.33,-2.81,,,
55550,0.17,-0.46,0.82,15.20,-98.33,58.65,,,
56144,0.16,-0.52,0.87,1.16,0.79,1.40,,,
56736,0.18,-0.51,0.86,2.69,-0.55,-3.60,,,
57372,0.00,-0.53,0.90,2.56,5.49,0.31,,,
57964,0.04,-0.52,0.90,-0.49,-1.40,1.89,,,
58556,0.08,-0.52,0.83,9.58,-26.06,17.09,,,
59150,-0.10,-0.47,0.93,4.52,-2.99,-53.04,,,
59751,-0.14,-0.49,0.89,-70.25,-7.63,24.54,,,
60345,-0.15,-0.58,0.83,3.11,13.49,-12.94,,,
60938,0.02,-0.66,0.80,12.21,3.78,-20.32,,,
61531,-0.28,-0.68,1.21,92.22,-19.04,19.10,,,
62124,-0.02,-0.55,0.94,56.27,17.15,-27.47,,,
62717,-0.02,-0.53,0.91,30.76,39.73,-33.33,,,
63311,-0.07,-0.54,0.85,5.49,-13.49,-4.52,,,
63904,-0.10,-0.38,0.88,42.72,-10.07,25.27,,,
64540,-0.09,-0.33,0.96,-9.89,10.19,-13.49,,,
65133,-0.09,-0.41,0.95,-15.26,-10.93,-1.89,,,
65726,-0.06,-0.44,0.93,-2.69,3.17,-4.76,,,
66328,0.14,-0.71,0.86,-45.53,-45.90,10.50,,,
66921,-0.06,-0.66,0.94,75.81,-60.42,20.87,,,
67515,-0.22,-0.45,0.87,-15.01,25.45,-65.19,,,
68109,-0.02,-0.52,0.90,-18.68,-42.30,23.32,,,
68702,-0.13,-0.42,0.92,26.98,39.92,-81.42,,,
69295,-0.04,-0.53,0.85,39.55,-18.19,-34.85,,,
69888,-0.09,-0.45,0.87,-15.50,0.24,-15.44,,,
70482,-0.19,-0.45,0.93,16.11,-4.15,-12.70,,,
71074,-0.24,-0.40,0.91,21.48,18.98,1.77,,,
71710,-0.18,-0.28,0.92,-8.36,-17.58,1.95,,,
72303,-0.14,-0.53,0.88,-0.37,-37.23,20.39,,,
72904,-0.12,-0.54,0.87,0.79,4.15,-2.14,,,
73498,0.06,-0.71,0.96,-39.92,-76.23,71.47,,,
74091,0.15,-0.79,0.60,-2.87,0.92,1.34,,,
74684,0.17,-0.83,0.61,-2.87,0.37,1.22,,,
75276,0.19,-0.80,0.59,0.12,1.59,-0.85,,,
75868,0.18,-0.81,0.60,-0.37,1.40,-2.32,,,
76461,0.33,-0.79,0.48,-1.16,-78.00,37.84,,,
77053,0.16,-0.83,0.57,1.89,-2.50,5.49,,,
77647,0.33,-0.65,0.56,3.23,-162.84,87.77,,,
78239,0.10,-0.58,0.82,-15.63,8.91,0.18,,,
78875,0.31,-0.68,0.71,9.34,-25.76,9.34,,,
79467,0.24,-0.77,0.72,8.91,-9.52,14.22,,,
80068,0.26,-0.73,0.67,-17.52,-27.22,23.25,,,
80663,0.20,-0.86,0.48,-16.48,18.92,-9.16,,,
81255,0.22,-0.88,0.48,-5.74,2.75,-4.76,,,
81849,0.22,-0.90,0.45,-1.40,-2.93,2.75,,,
82441,0.09,-0.94,0.43,12.21,-11.90,15.81,,,
83035,0.06,-0.91,0.47,-1.10,-0.31,-0.31,,,
83627,-0.02,-0.86,0.45,32.65,43.70,14.59,,,
84220,-0.02,-0.59,0.80,99.61,-1.34,-3.85,,,
84814,0.01,-0.02,1.03,3.60,-9.34,-2.32,,,
85407,0.02,-0.02,1.07,-12.51,-24.90,28.99,,,
86001,0.10,0.01,0.99,7.51,-10.93,12.63,,,
86645,0.16,-0.02,1.02,-5.37,-9.83,35.46,,,
87237,0.11,-0.12,1.03,-4.09,3.36,-10.31,,,
87831,-0.03,-0.53,0.84,-8.12,96.86,-36.13,,,
88424,-0.04,-0.80,0.60,0.18,-4.88,-6.77,,,
89017,0.01,-0.84,0.60,0.37,-1.53,0.43,,,
89609,0.01,-0.86,0.55,0.24,-0.49,0.18,,,
90202,0.01,-0.86,0.55,-1.28,-1.59,-0.98,,,
90794,-0.00,-0.87,0.54,1.10,0.37,0.43,,,
91387,0.02,-0.95,0.31,-20.02,28.14,-14.34,,,
91981,-0.02,-0.97,0.30,-27.89,35.89,-10.99,,,
92574,0.05,-0.99,0.28,-1.59,7.81,-2.26,,,
93167,0.05,-0.98,0.28,0.43,-1.34,-0.18,,,
93809,0.04,-0.97,0.28,0.67,-0.12,0.06,,,
94402,-0.03,-1.02,0.30,-9.28,16.97,-7.51,,,
94994,0.27,-0.96,0.14,-1.83,11.23,-6.65,,,
95587,0.25,-0.98,0.16,0.67,-0.31,-0.31,,,
96180,0.25,-0.96,0.16,0.49,-0.49,0.73,,,
96772,0.24,-0.97,0.17,2.01,-3.78,0.73,,,
97366,0.08,-0.98,0.17,-2.87,-28.87,28.99,,,
97958,0.01,-1.02,0.15,4.52,-5.62,0.92,,,
98551,0.01,-1.00,0.10,-1.40,-1.16,2.44,,,
99144,0.01,-1.01,0.08,-0.55,-0.24,-0.73,,,
99737,-0.07,-1.02,0.11,1.10,-89.66,20.14,,,
100339,-0.09,-0.99,0.18,21.73,-33.51,0.98,,,
100975,-0.04,-0.99,0.23,0.31,0.85,0.18,,,
101567,-0.04,-0.99,0.23,-0.61,-1.40,0.00,,,
102160,-0.03,-0.99,0.22,0.61,-0.49,-1.04,,,
102752,0.02,-0.99,0.21,-0.73,-3.66,-2.75,,,
103346,0.03,-0.99,0.22,-0.98,0.43,-0.92,,,
103938,0.04,-0.99,0.21,-0.18,-2.20,0.73,,,
104532,-0.07,-0.92,0.43,61.04,55.66,-11.96,,,
105125,-0.04,-0.73,0.68,16.54,30.03,-22.22,,,
105718,0.04,-0.69,0.74,4.76,26.31,-63.54,,,
106311,0.12,-1.00,0.31,-41.50,6.23,-5.80,,,
106913,-0.04,-0.98,0.13,-20.69,7.93,14.89,,,
107506,0.02,-1.00,0.19,-3.85,7.45,4.03,,,
108141,0.13,-0.99,0.00,0.55,3.36,5.49,,,
108734,0.11,-1.00,-0.00,-0.85,-0.24,-0.73,,,
109326,0.13,-1.00,-0.03,-1.34,0.92,0.24,,,
109919,0.11,-0.99,-0.03,-0.24,0.37,0.79,,,
110513,0.14,-0.99,-0.07,-6.29,3.66,-4.70,,,
111105,0.12,-1.01,-0.05,0.12,-4.15,-1.04,,,
111699,0.10,-1.00,-0.05,0.24,-1.10,0.55,,,
112291,0.10,-1.00,-0.05,-0.18,-0.98,0.18,,,
112884,0.10,-1.00,-0.05,-0.55,0.18,0.06,,,
113476,0.01,-1.00,0.07,5.74,-18.49,17.94,,,
114078,-0.06,-1.01,0.08,4.64,-4.64,4.33,,,
114671,-0.06,-1.01,0.08,-0.24,-0.12,-1.65,,,
115306,0.07,-1.00,-0.09,-46.26,94.60,-1.10,,,
115900,0.13,-0.98,-0.18,-3.85,21.79,-0.79,,,
116492,0.05,-1.00,-0.12,-0.43,-0.55,-1.28,,,
117085,0.04,-1.00,-0.13,-0.12,-0.31,-0.18,,,
117679,0.09,-0.99,-0.15,-0.12,-1.53,2.32,,,
118271,0.09,-0.99,-0.16,0.18,-1.83,0.55,,,
118865,0.09,-0.99,-0.15,-0.06,-1.34,0.06,,,
119457,0.08,-0.99,-0.15,-0.49,-0.85,0.67,,,
120050,-0.05,-0.99,-0.11,0.06,-19.71,21.30,,,
120651,-0.10,-0.99,-0.13,0.12,-2.14,1.10,,,
121243,-0.09,-0.99,-0.06,-3.17,2.32,-0.92,,,
121837,-0.10,-1.00,-0.07,-0.24,-1.77,0.98,,,
122472,-0.10,-1.00,-0.07,-0.18,-0.55,-0.24,,,
123066,-0.10,-1.00,-0.07,0.55,-1.10,-0.98,,,
123658,-0.08,-1.01,-0.04,1.28,-0.73,-0.55,,,
124251,-0.05,-1.00,-0.02,0.55,-1.34,-0.67,,,
124845,-0.06,-1.00,-0.02,0.37,-0.92,0.18,,,
125437,-0.06,-1.01,-0.02,-0.37,-0.73,-0.18,,,
126031,-0.05,-1.00,-0.02,0.00,-0.18,0.31,,,
126632,-0.00,-1.00,-0.06,-2.99,3.05,-0.49,,,
127225,-0.02,-1.00,-0.08,-0.79,1.10,0.12,,,
127818,-0.02,-1.00,-0.11,-1.16,2.75,1.40,,,
128410,-0.04,-0.99,-0.11,0.00,5.98,6.10,,,
129004,-0.14,-1.02,-0.01,7.39,-4.33,18.13,,,
129597,-0.15,-1.00,-0.05,1.40,-2.50,1.59,,,
130233,-0.16,-0.99,-0.05,-0.98,-0.24,-1.10,,,
130826,-0.10,-1.00,-0.11,-0.18,0.00,0.00,,,
131418,0.54,-0.85,-0.15,-5.62,340.70,21.61,,,
132012,0.17,-0.97,-0.13,-1.71,-2.69,0.12,,,
132605,0.14,-0.99,-0.15,0.31,-7.87,-0.98,,,
133198,0.15,-0.98,-0.17,-0.18,-1.53,-0.73,,,
133783,0.17,-0.97,-0.17,-0.98,0.73,2.87,,,
134377,0.12,-0.96,-0.14,-4.46,-11.23,-0.85,,,
134970,0.10,-0.98,-0.18,-1.28,-2.62,-0.43,,,
135563,0.03,-0.98,-0.18,5.13,-48.34,4.52,,,
136157,-0.01,-0.99,-0.16,-0.98,-0.61,-0.24,,,
136749,-0.02,-0.99,-0.16,-0.49,-0.18,0.49,,,
137384,-0.02,-0.99,-0.17,0.00,-0.67,-0.18,,,
137977,-0.04,-0.99,-0.04,-8.06,0.43,3.72,,,
138569,-0.05,-1.00,-0.06,-0.92,-1.40,-0.06,,,
139162,-0.05,-1.00,-0.06,0.06,-1.28,0.43,,,
139763,-0.04,-1.00,-0.07,-0.49,-1.22,-0.06,,,
140357,-0.03,-1.00,-0.07,-0.67,-0.61,-0.31,,,
140949,-0.03,-1.00,-0.07,-0.24,-0.49,-0.49,,,
141544,-0.03,-1.00,-0.07,0.73,-0.55,0.85,,,
142136,-0.03,-1.00,-0.08,-1.34,-0.18,-0.43,,,
142729,-0.03,-1.00,-0.08,-0.37,-0.67,0.37,,,
143322,-0.03,-1.00,-0.08,-0.31,-0.37,-0.37,,,
143915,-0.03,-1.00,-0.09,-0.79,0.18,-1.04,,,
144509,-0.03,-1.00,-0.09,-0.06,-1.10,0.12,,,
145144,-0.03,-1.00,-0.09,-0.61,-0.43,-0.24,,,
145737,-0.03,-1.00,-0.09,-0.73,-0.12,-0.06,,,
146339,-0.03,-1.00,-0.09,0.06,-0.85,0.18,,,
146932,-0.03,-0.99,-0.09,-0.18,0.18,-0.49,,,
147525,-0.03,-0.99,-0.09,-0.73,-0.49,0.43,,,
148118,-0.03,-1.00,-0.09,-0.24,-0.67,-0.24,,,
148711,-0.03,-1.00,-0.09,-0.79,0.12,-0.67,,,
149304,-0.03,-1.00,-0.09,-0.24,-0.79,0.18,,,
149897,-0.03,-1.00,-0.10,-0.92,-2.08,0.79,,,
150490,-0.03,-1.00,-0.10,-0.12,-0.49,0.00,,,
151082,-0.02,-1.00,-0.10,-0.67,-0.61,-0.55,,,
151676,-0.03,-1.00,-0.10,1.46,-0.06,0.73,,,
152310,-0.03,-1.00,-0.10,-0.12,-0.37,-0.06,,,
152912,-0.03,-1.00,-0.10,-0.79,-0.55,-0.67,,,
153504,-0.03,-1.00,-0.10,0.12,-2.26,0.55,,,
154097,-0.03,-1.00,-0.10,-0.24,-0.98,0.12,,,
154690,-0.03,-0.99,-0.11,2.56,-10.07,4.58,,,
155283,-0.05,-1.00,-0.10,0.12,-1.95,0.73,,,
155876,-0.05,-0.99,-0.10,-0.73,-0.55,-0.12,,,
156469,-0.05,-1.00,-0.10,-1.10,-0.12,-0.37,,,
157061,-0.05,-1.00,-0.10,-0.24,-0.49,0.24,,,
157654,-0.05,-1.00,-0.11,0.37,-0.61,0.06,,,
158246,-0.05,-1.00,-0.10,-0.43,-0.67,-0.12,,,
158840,-0.05,-1.00,-0.11,-0.61,-0.37,-0.31,,,
159485,-0.06,-1.00,-0.11,-0.49,-1.40,-0.55,,,
160078,-0.04,-0.99,-0.10,-0.85,1.04,0.67,,,
160670,-0.05,-1.00,-0.11,-0.61,-0.31,-0.06,,,
161263,-0.06,-1.00,-0.14,-9.58,52.25,2.26,,,
161856,0.02,-0.97,-0.27,-19.65,56.15,-7.51,,,
162449,0.14,-0.96,-0.23,-0.61,2.56,0.31,,,
163042,0.14,-0.96,-0.22,-0.85,1.40,1.46,,,
163634,-0.03,-1.20,-0.14,63.23,-153.20,42.97,,,
164227,0.07,-1.00,0.29,32.29,-0.18,-61.22,,,
164819,0.31,-0.80,0.31,15.20,55.97,-41.75,,,
165411,0.06,-0.67,0.72,14.22,-26.67,55.42,,,
166056,-0.02,-0.47,0.92,-74.10,2.75,-17.52,,,
166648,-0.25,-0.71,0.94,148.44,10.62,29.30,,,
167242,-0.06,-0.65,0.78,-5.86,-23.07,104.92,,,
167834,0.15,-0.83,0.91,176.15,-14.89,-25.70,,,
168427,-0.02,-0.71,0.66,-74.77,-20.45,-105.65,,,
169022,0.08,-0.77,0.89,108.15,136.78,-99.18,,,
169615,-0.08,-0.48,1.07,-193.24,105.96,-67.75,,,
170209,-0.11,-0.71,0.79,70.98,-87.95,148.50,,,
170802,-0.03,-0.83,0.78,210.75,-45.65,13.18,,,
171395,-0.01,-0.68,0.81,-124.02,-58.84,-15.32,,,
171997,0.16,-0.75,0.63,12.76,26.73,-50.29,,,
172590,-0.05,-0.44,0.77,-62.50,35.83,-33.45,,,
173184,0.22,-0.71,0.98,93.32,-0.92,7.81,,,
173819,0.02,-0.52,0.86,-8.79,10.01,-94.54,,,
174413,0.03,-0.54,0.90,-33.94,-17.70,28.87,,,
175006,0.17,-0.68,0.74,-9.09,14.83,-65.43,,,
175599,0.20,-0.76,0.65,-0.98,-2.81,-4.46,,,
176193,0.24,-0.77,0.63,-3.60,0.06,-0.12,,,
176785,0.16,-0.82,0.55,10.50,60.06,-29.48,,,
177379,0.06,-0.74,0.74,27.10,5.98,33.63,,,
177972,-0.05,-0.50,0.88,10.38,20.32,-40.59,,,
178575,0.09,-0.52,0.92,-4.58,-69.89,35.83,,,
179168,0.16,-0.62,0.78,-32.17,-50.35,36.68,,,
179761,0.04,-0.55,0.92,7.14,16.11,-57.68,,,
180396,0.07,-0.55,0.87,-4.46,0.49,25.63,,,
180989,0.03,-0.69,0.78,-20.02,25.27,-17.15,,,
181583,0.02,-0.71,0.75,1.16,-14.65,21.06,,,
182176,0.04,-0.65,0.73,-7.93,-4.21,-25.63,,,
182769,0.09,-0.71,0.74,-1.22,0.55,-1.04,,,
183362,0.14,-0.77,0.66,-33.14,-19.17,-4.15,,,
183955,0.14,-0.89,0.44,-5.62,9.95,-4.76,,,
184549,0.12,-0.89,0.48,-7.20,-1.59,4.21,,,
185151,0.03,-0.93,0.45,15.69,58.23,-6.47,,,
185744,-0.05,-0.91,0.46,-0.55,-0.85,0.31,,,
186337,-0.06,-0.91,0.45,0.85,-0.67,0.43,,,
186929,-0.05,-0.92,0.42,-2.93,-10.68,-10.07,,,
187524,0.09,-0.84,0.55,8.79,22.03,-49.13,,,
188160,0.01,-0.50,0.98,0.00,23.86,-75.44,,,
188753,-0.02,-0.35,0.95,31.49,-0.43,44.13,,,
189346,-0.00,-0.37,1.00,4.82,1.83,8.54,,,
189939,0.07,-0.26,0.97,23.38,-9.03,-9.34,,,
190532,0.06,-0.22,1.03,-0.92,-5.86,2.26,,,
191125,0.02,-0.24,1.00,-14.83,-2.38,-17.21,,,
191727,0.16,-0.52,1.00,-36.38,44.13,-80.14,,,
192320,0.07,-0.58,0.83,-4.52,16.24,-16.36,,,
192914,0.01,-0.72,0.73,-25.15,86.36,-72.08,,,
193507,0.27,-0.77,0.61,-14.28,1.10,-4.58,,,
194100,0.28,-0.84,0.51,-4.64,-10.44,3.48,,,
194736,0.33,-0.84,0.49,-2.99,-3.48,0.67,,,
195328,0.34,-0.83,0.48,0.12,-0.24,0.18,,,
195922,0.35,-0.83,0.46,-0.18,-1.34,0.12,,,
196514,0.29,-0.85,0.46,-1.71,11.72,-6.29,,,
197107,0.25,-0.87,0.48,-3.72,17.21,-5.62,,,
197699,0.25,-0.88,0.46,0.92,0.67,-0.37,,,
198300,0.25,-0.88,0.47,-0.43,0.00,-0.55,,,
198893,0.25,-0.87,0.46,-0.85,-0.49,-0.24,,,
199486,0.26,-0.88,0.53,17.82,28.08,-14.83,,,
200079,0.05,-0.74,0.71,15.75,45.17,-1.40,,,
200672,-0.01,-0.72,0.78,-23.68,-21.42,-58.11,,,
201266,0.27,-0.56,0.78,-33.94,165.83,-131.96,,,
201860,0.26,-0.61,0.76,-104.00,-26.43,66.83,,,
202497,0.09,-0.63,0.74,110.53,-87.83,60.36,,,
203091,0.04,-0.71,0.65,-111.02,-14.34,-79.96,,,
203684,0.25,-0.81,0.55,9.46,122.80,-93.99,,,
204277,0.09,-0.43,0.80,-106.02,21.36,-15.63,,,
204879,0.55,-0.69,0.78,21.91,-67.02,24.05,,,
205472,0.09,-0.78,0.60,-96.80,-8.36,-36.19,,,
206066,0.14,-0.65,0.76,66.41,75.32,-92.53,,,
206659,0.42,-0.75,0.52,5.62,-113.59,80.20,,,
207253,0.25,-0.69,0.62,-14.89,-35.03,32.96,,,
207846,0.20,-0.80,0.51,-34.61,-19.90,13.79,,,
208439,0.26,-0.90,0.04,-31.92,9.22,-24.78,,,
209075,0.22,-0.97,0.05,-1.95,3.23,3.85,,,
209667,0.20,-1.00,0.04,0.92,-1.46,1.83,,,
210261,0.20,-0.99,0.02,-3.23,0.37,0.31,,,
210853,0.18,-0.99,0.01,-1.65,-2.26,0.18,,,
211456,0.50,-2.34,0.33,26.92,-14.71,19.78,,,
212049,0.11,0.35,0.42,-21.18,-99.91,13.49,,,
212642,0.39,-0.37,0.28,297.97,167.85,189.88,,,
213237,-0.30,-1.01,0.07,-251.95,-244.45,-23.32,,,
213831,0.31,-1.07,1.12,-320.98,100.46,-143.98,,,
214425,1.04,-1.10,1.80,-229.86,-101.01,133.73,,,
215019,0.16,0.08,0.21,-150.51,-141.54,145.02,,,
215613,-0.01,-0.43,0.68,-50.05,14.53,-44.43,,,
216206,-0.03,-0.62,0.84,-134.22,-35.46,-85.75,,,
216844,0.09,-0.65,0.63,-49.07,25.70,-60.30,,,
217438,0.15,-0.75,0.62,93.32,81.18,-27.83,,,
218040,-0.08,-0.71,1.27,165.34,65.73,-27.04,,,
218634,0.12,-0.71,0.68,-24.90,-66.16,154.30,,,
219228,0.15,-0.57,0.82,150.15,-31.80,17.46,,,
219821,0.01,-0.62,0.67,-33.26,-9.95,-87.71,,,
220415,0.14,-0.57,0.98,45.78,-15.81,-3.11,,,
221008,0.24,-0.99,0.81,45.29,-20.45,1.10,,,
221603,0.07,-0.67,0.88,-23.50,25.76,7.63,,,
222196,0.25,-0.74,0.50,-22.52,18.55,-11.23,,,
222789,0.30,-0.78,0.44,-9.89,-20.69,7.39,,,
223424,0.38,-0.87,0.34,18.13,-3.66,-2.38,,,
224026,0.41,-0.75,0.39,-0.18,-8.30,3.72,,,
224620,0.17,-0.82,0.60,56.15,74.10,-19.47,,,
225213,0.14,-0.70,0.68,-9.52,12.57,-25.39,,,
225807,0.18,-0.62,0.88,69.46,19.23,28.20,,,
226400,0.28,-0.78,0.55,-66.16,-38.57,8.12,,,
226993,0.37,-0.90,0.24,-2.20,-12.82,4.09,,,
227587,0.35,-0.88,0.29,13.79,-34.79,3.05,,,
228179,0.23,-0.92,0.34,0.55,-9.28,1.22,,,
228773,0.48,-0.87,0.24,24.11,-26.00,0.85,,,
229366,0.34,-0.91,0.25,2.50,-46.63,49.07,,,
229959,0.27,-0.97,-0.19,-40.16,-5.62,8.06,,,
230604,0.24,-0.94,-0.18,-3.85,8.36,3.17,,,
231196,0.17,-0.98,-0.09,1.34,0.92,6.47,,,
231790,0.01,-1.02,-0.05,18.92,-23.25,16.24,,,
232383,0.13,-1.00,0.46,56.15,-54.14,21.30,,,
232977,0.01,-0.63,0.88,30.94,25.70,-87.89,,,
233570,-0.10,-0.64,0.87,-27.83,18.01,26.79,,,
234163,0.06,-0.66,0.86,-3.85,9.83,-69.21,,,
234757,-0.09,-0.76,0.58,-2.26,57.13,-22.77,,,
235350,-0.05,-0.63,0.87,12.02,90.09,-77.03,,,
235945,-0.07,-0.66,0.87,-39.98,-13.98,-53.59,,,
236538,0.20,-0.77,0.75,-47.42,-48.65,56.21,,,
237141,0.15,-0.84,0.36,-8.73,27.83,2.01,,,
237777,0.22,-0.75,0.80,-10.31,38.88,-107.24,,,
238370,0.09,-0.75,0.87,12.63,-11.17,-29.24,,,
238964,0.19,-0.66,0.78,73.00,-180.73,35.83,,,
239558,0.37,-0.50,0.89,-31.13,6.77,6.16,,,
240152,0.18,-0.49,0.95,-1.83,-3.60,-4.52,,,
240745,0.19,-0.63,0.89,4.82,16.05,6.41,,,
241338,0.07,-0.73,0.67,26.31,-11.23,3.60,,,
241931,-0.09,-0.40,0.98,2.62,-7.14,-11.17,,,
242525,-0.15,-0.47,0.95,-69.09,18.31,-22.58,,,
243119,-0.12,-0.61,0.79,-14.95,16.11,-23.25,,,
243721,-0.07,-0.56,0.82,5.74,-6.47,8.91,,,
244315,-0.07,-0.49,0.87,23.99,7.02,-13.24,,,
244952,-0.08,-0.52,0.92,5.68,-10.56,-8.73,,,
245545,0.13,-0.69,0.65,-13.43,-165.53,70.80,,,
246140,0.34,-0.89,0.53,43.64,-33.69,45.84,,,
246733,-0.45,-0.63,0.92,83.74,-17.09,-32.78,,,
247327,0.08,-0.96,0.32,-31.80,38.45,-12.94,,,
247920,0.40,-1.16,-0.45,-71.17,5.43,-85.69,,,
248514,0.18,-0.96,-0.03,39.92,17.09,8.00,,,
249107,0.33,-0.97,0.12,18.01,6.77,-17.58,,,
249700,0.23,-0.77,0.66,3.72,42.72,-18.01,,,
250303,0.06,-0.52,0.90,6.96,-19.23,0.79,,,
250896,-0.11,-0.49,0.67,13.00,55.18,3.42,,,
251490,0.15,-0.69,0.81,2.01,5.55,-4.82,,,
252125,0.46,-0.58,0.89,38.82,-60.55,0.55,,,
252718,0.32,-0.38,0.82,-2.69,-28.75,1.53,,,
253311,0.24,-0.55,0.92,8.18,9.28,20.39,,,
253904,0.08,-0.45,0.87,19.10,-9.34,-16.30,,,
254498,0.00,-0.55,0.88,-4.88,12.94,-18.80,,,
255091,0.07,-0.37,0.88,10.01,-36.32,-28.87,,,
255684,0.04,-0.49,0.89,-18.07,-8.18,-10.01,,,
256277,0.13,-0.53,0.95,-12.27,18.37,27.95,,,
256879,0.11,-0.59,0.76,-21.79,-2.99,5.37,,,
257473,0.03,-0.63,0.79,2.44,-21.61,-31.13,,,
258066,0.09,-0.60,0.78,3.72,1.04,7.39,,,
258659,0.05,-0.65,0.84,-4.33,-6.71,-3.36,,,
259295,0.09,-0.63,0.79,1.53,-2.99,2.87,,,
259887,0.17,-0.57,0.76,3.97,6.16,13.00,,,
260481,0.10,-0.56,0.80,-6.10,-0.31,4.21,,,
261074,0.10,-0.62,0.75,8.00,4.88,-6.16,,,
261667,0.11,-0.65,0.83,-8.91,1.34,-4.52,,,
262260,0.11,-0.61,0.81,4.39,-5.25,30.15,,,
262854,0.05,-0.63,0.84,2.69,-3.54,4.39,,,
263446,0.07,-0.62,0.78,-6.04,-4.03,3.11,,,
264048,0.03,-0.68,0.86,-17.21,0.92,13.79,,,
264642,0.06,-0.59,0.75,8.24,6.04,-11.47,,,
265234,0.10,-0.62,0.80,3.30,-0.31,-5.86,,,
265828,0.10,-0.66,0.82,-8.54,-11.23,-8.79,,,
266463,0.04,-0.60,0.81,11.84,0.00,13.12,,,
267056,0.06,-0.61,0.81,4.88,-1.65,0.00,,,
267649,0.07,-0.75,0.92,-2.26,-12.02,-4.52,,,
268242,0.02,-0.62,0.80,-12.45,12.70,5.86,,,
268836,0.10,-0.80,0.66,-50.90,-63.23,18.43,,,
269429,0.12,-0.86,0.52,-4.64,-11.47,3.54,,,
270023,0.13,-0.92,0.49,-4.39,7.63,-6.71,,,
270624,-0.02,-0.66,0.82,43.21,17.58,-34.61,,,
271217,-0.04,-0.57,0.79,-18.55,-6.47,-10.13,,,
271812,0.02,-0.60,0.81,-5.68,-0.31,-0.73,,,
272404,0.00,-0.61,0.81,-11.66,4.58,-10.50,,,
272998,0.03,-0.64,0.82,-3.54,-0.31,2.20,,,
273635,0.01,-0.69,0.79,-2.38,-5.25,4.64,,,
274227,-0.03,-0.62,0.78,0.49,0.43,0.37,,,
274821,-0.01,-0.74,0.84,-9.40,-3.42,12.94,,,
275414,-0.04,-0.64,0.79,-6.23,12.82,-3.11,,,
276008,-0.02,-0.60,0.82,-7.75,-4.27,-6.23,,,
276601,-0.00,-0.63,0.82,-6.41,-12.45,-0.31,,,
277203,0.02,-0.62,0.81,-0.31,8.73,4.52,,,
277796,-0.04,-0.61,0.84,23.38,-27.22,-24.23,,,
278389,-0.03,-0.62,0.80,-10.80,-6.47,-1.89,,,
278983,0.07,-0.75,0.73,15.20,-10.38,8.54,,,
279576,-0.02,-0.69,0.79,-14.04,21.97,-2.69,,,
280171,-0.05,-0.64,0.80,16.17,-19.84,-12.33,,,
280805,0.00,-0.64,0.78,0.61,16.11,4.03,,,
281398,-0.00,-0.66,0.82,-11.17,1.65,-6.16,,,
281992,0.02,-0.63,0.78,-3.97,5.86,-3.91,,,
282584,-0.01,-0.61,0.78,7.87,-2.50,1.53,,,
283178,0.01,-0.67,0.84,-29.42,2.14,2.20,,,
283780,0.05,-0.63,0.77,3.17,-1.22,-7.02,,,
284373,0.04,-0.67,0.89,-1.65,0.55,-3.66,,,
284966,-0.01,-0.66,0.82,14.10,-0.37,-2.44,,,
285559,-0.02,-0.64,0.88,-2.08,9.83,-0.73,,,
286153,-0.00,-0.68,0.83,-3.72,-1.53,-10.56,,,
286746,0.00,-0.63,0.82,-1.59,-5.49,-1.04,,,
287339,0.01,-0.64,0.86,3.85,-4.64,10.01,,,
287975,0.03,-0.59,0.80,2.99,4.70,-1.28,,,
288568,0.03,-0.65,0.84,0.00,-5.25,4.33,,,
289161,0.05,-0.63,0.79,-4.27,0.49,0.98,,,
289753,0.01,-0.67,0.76,12.63,10.44,-2.75,,,
290356,-0.10,-0.62,0.84,-9.16,-2.87,19.71,,,
290949,-0.14,-0.69,0.72,2.99,-5.86,9.64,,,
291542,-0.07,-0.65,0.79,16.78,9.28,-11.47,,,
292135,0.02,-0.63,0.86,-4.82,-7.93,-5.86,,,
292728,0.02,-0.62,0.76,-7.75,2.56,1.10,,,
293321,0.03,-0.41,0.90,-8.42,13.06,-10.44,,,
293914,-0.03,-0.58,0.79,-26.92,-11.17,2.14,,,
294508,-0.01,-0.77,0.80,-7.02,2.44,-2.69,,,
295142,-0.02,-0.69,0.74,-0.43,1.16,-6.10,,,
295735,-0.06,-0.63,0.82,-0.37,-3.78,12.33,,,
296328,-0.05,-0.60,0.82,3.48,-2.14,-1.89,,,
296929,-0.08,-0.62,0.80,-6.16,-6.53,6.10,,,
297523,-0.02,-0.64,0.82,2.62,-6.71,-15.14,,,
298116,0.03,-0.76,0.85,17.03,-6.90,-11.17,,,
298710,-0.04,-0.63,0.85,0.85,11.66,-23.19,,,
299303,0.06,-0.63,0.85,-23.62,3.48,-26.49,,,
299896,0.05,-0.62,0.83,-3.36,-6.65,2.50,,,
300490,0.03,-0.67,0.79,-1.89,0.92,5.00,,,
301082,0.02,-0.63,0.75,6.77,-6.77,23.44,,,
301676,0.00,-0.74,0.75,-7.69,3.91,-3.60,,,
302312,-0.01,-0.65,0.77,7.32,-6.16,8.18,,,
302905,-0.03,-0.61,0.81,0.67,-1.16,3.42,,,
303506,-0.02,-0.56,0.85,-4.58,-1.16,-0.55,,,
304098,-0.02,-0.55,0.83,-5.07,-1.89,-1.40,,,
304692,-0.02,-0.61,0.84,-0.24,4.64,8.97,,,
305285,0.01,-0.61,0.83,5.55,-14.47,-15.08,,,
305878,-0.00,-0.57,0.83,-11.60,-4.52,-4.52,,,
306471,0.01,-0.62,0.84,-3.54,-0.67,-0.43,,,
307064,0.02,-0.60,0.83,-0.18,-0.55,-0.18,,,
307657,0.04,-0.65,0.83,5.62,-2.20,-2.50,,,
308249,0.01,-0.64,0.82,-6.29,1.95,-4.39,,,
308843,0.04,-0.58,0.79,-3.97,-7.08,-13.43,,,
309478,0.05,-0.59,0.84,-3.48,3.54,4.39,,,
310080,0.09,-0.57,0.88,5.92,-18.55,-0.06,,,
310672,0.02,-0.58,0.82,-5.68,-10.50,-12.02,,,
311265,0.02,-0.64,0.93,6.29,1.22,1.22,,,
311858,-0.00,-0.56,0.83,2.87,-3.66,-1.71,,,
312451,-0.02,-0.56,0.88,-11.84,-0.98,-6.53,,,
313045,-0.00,-0.56,0.83,-18.19,-6.29,-6.71,,,
313638,-0.01,-0.58,0.83,7.39,3.66,12.21,,,
314231,-0.05,-0.59,0.83,-5.31,-4.09,0.98,,,
314824,-0.04,-0.59,0.83,-8.00,-6.96,0.43,,,
315416,-0.03,-0.63,0.78,12.27,10.31,-10.80,,,
316010,0.03,-0.61,0.83,6.29,0.61,-5.25,,,
316701,0.05,-0.58,0.88,14.71,7.51,8.06,,,
317302,0.04,-0.57,0.86,-3.05,-5.13,-4.88,,,
317894,0.06,-0.59,0.85,0.00,-4.39,-10.07,,,
318487,0.03,-0.59,0.86,-14.71,2.44,-4.46,,,
319080,0.05,-0.57,0.80,-7.69,-8.48,-2.75,,,
319673,0.03,-0.63,0.84,-10.01,11.05,0.79,,,
320266,-0.03,-0.63,0.81,4.82,-6.10,1.83,,,
320859,-0.02,-0.60,0.83,5.98,-2.87,4.21,,,
321451,-0.03,-0.72,0.79,-21.06,-5.62,-0.31,,,
322044,0.02,-0.72,0.71,11.29,-6.10,-0.55,,,
322637,0.06,-0.76,0.65,-7.39,-13.73,-0.37,,,
323230,0.15,-0.85,0.53,-1.53,-13.31,22.22,,,
323874,0.14,-0.89,0.43,-3.23,0.06,-4.33,,,
324467,0.17,-0.90,0.44,-1.95,-2.93,-0.55,,,
325060,0.11,-0.79,0.53,21.79,56.52,-10.86,,,
325653,0.04,-0.60,0.90,-7.39,-0.92,-1.89,,,
326247,0.01,-0.58,0.84,-4.09,-10.86,-20.26,,,
326839,0.07,-0.53,0.86,-3.91,-3.30,-2.26,,,
327433,-0.00,-0.63,0.80,8.85,-4.27,20.63,,,
328026,-0.07,-0.68,0.78,-15.93,21.30,-0.06,,,
328619,-0.04,-0.72,0.76,-12.82,-2.38,-1.95,,,
329211,-0.00,-0.82,0.69,-12.33,-5.31,-6.96,,,
329804,0.06,-0.73,0.72,4.21,-10.68,6.59,,,
330407,0.05,-0.80,0.64,-38.88,-3.11,2.50,,,
331042,0.05,-0.92,0.48,-26.43,-10.50,10.56,,,
331636,0.08,-1.01,0.19,-34.00,69.76,-28.87,,,
332229,0.16,-0.98,0.35,-3.85,54.75,1.10,,,
332822,0.07,-0.61,0.75,14.10,33.14,-33.87,,,
333416,0.04,-0.60,0.85,-25.94,-0.18,48.71,,,
334009,0.04,-0.82,0.61,-1.22,-6.41,-7.26,,,
334603,0.07,-0.83,0.61,-1.53,0.49,-3.11,,,
335195,0.09,-0.87,0.54,1.04,0.18,0.61,,,
335788,0.08,-0.88,0.53,-4.03,-0.31,-1.40,,,
336380,0.10,-0.87,0.52,-0.98,-0.79,1.95,,,
336982,0.10,-0.86,0.50,3.78,1.46,0.85,,,
337617,-0.04,-0.80,0.65,13.55,96.62,-31.68,,,
338210,-0.15,-0.68,0.73,3.97,45.90,-47.67,,,
338804,-0.06,-0.62,0.92,-40.53,37.17,18.55,,,
339397,-0.07,-0.53,0.93,7.87,-14.71,-19.41,,,
339991,0.08,-0.64,0.83,15.20,-19.71,11.05,,,
340585,0.18,-0.58,0.69,-17.21,-31.62,31.43,,,
341178,0.13,-0.57,0.71,-66.47,-17.64,-6.29,,,
341772,0.17,-0.79,0.62,-2.75,-2.20,0.79,,,
342365,0.19,-0.63,0.81,37.17,6.90,-13.06,,,
342958,0.13,-0.77,0.85,5.74,44.01,-16.85,,,
343560,0.07,-0.60,0.99,25.57,-23.25,2.56,,,
344153,0.02,-0.68,0.88,3.78,31.43,-7.69,,,
344746,0.14,-0.52,0.96,6.47,-9.64,14.47,,,
345382,0.04,-0.65,0.87,-6.23,17.09,12.27,,,
345976,-0.01,-0.58,0.87,55.48,75.01,-125.98,,,
346569,-0.07,-0.34,1.02,-12.27,18.19,48.03,,,
347162,-0.08,-0.35,0.98,3.48,-5.92,-6.84,,,
347756,-0.06,-0.46,1.06,-24.96,16.36,-45.29,,,
348349,0.01,-0.53,0.98,-32.04,-19.17,-21.55,,,
348944,-0.07,-0.50,0.85,23.86,-4.76,30.70,,,
349537,0.01,-0.46,0.91,-1.89,-9.22,-9.77,,,
350139,0.08,-0.57,0.90,-14.04,-30.27,7.14,,,
350732,0.10,-0.77,0.69,-48.77,26.55,2.69,,,
351325,0.03,-0.92,0.41,-4.09,-4.27,6.10,,,
351961,-0.02,-0.86,0.54,8.48,-5.68,5.98,,,
352554,-0.02,-0.84,0.56,-6.90,-8.12,-4.15,,,
353148,0.01,-0.85,0.54,-1.40,-0.37,-3.78,,,
353741,0.10,-0.75,0.81,17.58,-12.02,3.72,,,
354334,0.18,-0.65,0.82,-12.33,-2.14,-3.17,,,
354927,0.13,-0.57,0.78,17.52,22.22,0.61,,,
355520,0.12,-0.53,0.90,-14.89,37.72,-60.42,,,
356114,-0.01,-0.69,0.78,-13.55,81.54,-52.31,,,
356717,-0.07,-0.51,0.86,-18.43,49.74,-60.55,,,
357311,0.12,-0.73,0.73,-20.20,-17.82,-5.86,,,
357904,-0.07,-0.58,0.81,16.36,-31.19,2.93,,,
358497,-0.01,-0.61,0.70,4.82,-8.54,-21.36,,,
359092,-0.03,-0.68,0.75,-8.54,42.97,-19.41,,,
359728,-0.02,-0.70,0.75,-1.65,-0.18,0.73,,,
360322,-0.03,-0.72,0.74,-1.59,-0.24,-0.92,,,
360915,-0.01,-0.72,0.73,-0.37,-2.56,2.01,,,
361507,-0.02,-0.81,0.69,-11.90,-14.40,21.61,,,
362101,-0.07,-0.75,0.71,5.31,-2.44,-1.46,,,
362694,-0.07,-0.74,0.70,-4.09,3.66,-4.58,,,
363280,-0.09,-0.74,0.71,-6.23,1.59,-3.11,,,
363873,-0.09,-0.70,0.76,18.62,23.62,-2.08,,,
364467,0.04,-0.54,0.86,16.36,39.79,-88.62,,,
365060,-0.08,-0.71,0.78,6.04,10.25,44.19,,,
365654,-0.20,-0.74,0.63,-3.72,89.66,-43.95,,,
366248,-0.26,-0.83,0.49,-3.91,-8.67,1.65,,,
366895,-0.24,-0.87,0.46,1.28,7.02,-3.91,,,
367488,-0.27,-0.87,0.46,0.31,0.00,0.73,,,
368081,-0.08,-0.80,0.63,19.29,-79.10,23.50,,,
368674,0.03,-0.61,0.88,23.93,-2.50,3.36,,,
369267,0.10,-0.43,0.85,-56.09,-40.95,79.16,,,
369869,0.07,-0.59,0.80,-53.77,-3.66,19.35,,,
370463,-0.05,-0.38,0.86,-15.50,14.10,-14.65,,,
371057,0.14,-0.59,1.07,120.54,2.01,-23.07,,,
371651,0.07,-0.59,0.81,-17.03,51.21,-25.02,,,
372244,0.12,-0.21,1.00,78.80,-76.11,171.14,,,
372837,-0.09,-0.48,0.91,-5.62,10.44,-12.33,,,
373431,0.06,-0.47,0.99,19.65,-15.44,12.33,,,
374067,-0.14,-0.45,1.03,28.08,-10.50,-36.32,,,
374661,-0.05,-0.37,0.85,9.58,12.70,-25.09,,,
375254,-0.06,-0.42,0.95,-22.34,12.82,1.22,,,
375857,-0.07,-0.35,0.93,-11.11,24.41,-6.96,,,
376450,0.02,-0.35,0.79,48.71,-3.30,44.01,,,
377043,0.05,-0.22,1.00,20.69,0.79,33.26,,,
377637,-0.05,-0.34,1.06,-44.49,11.05,-70.80,,,
378231,0.07,-0.45,0.81,-10.56,-39.43,48.28,,,
378825,0.06,-0.45,0.84,12.51,-46.75,39.37,,,
379418,0.19,-0.26,0.95,26.31,4.33,21.73,,,
380011,0.17,-0.24,1.04,2.44,8.48,9.16,,,
380603,0.15,-0.26,0.97,-1.34,-1.34,-0.06,,,
381239,0.03,-0.38,1.04,-70.62,40.71,-89.78,,,
381833,-0.07,-0.58,0.78,89.78,67.81,-7.51,,,
382435,0.00,-0.62,0.79,-17.82,-14.16,13.00,,,
383029,0.05,-0.66,0.79,24.66,-43.21,32.35,,,
383622,0.42,-0.77,0.55,-48.71,-94.91,69.76,,,
384216,0.26,-0.71,0.35,40.59,-23.74,58.11,,,
384810,0.17,-0.95,0.19,-17.21,-27.28,-31.56,,,
385403,0.16,-1.02,0.24,-3.11,-2.08,-4.94,,,
385997,0.01,-0.99,-0.03,0.61,-17.88,12.70,,,
386590,-0.20,-0.99,0.13,48.77,-23.07,-14.65,,,
387183,-0.06,-0.98,0.47,-8.61,-15.99,-35.64,,,
387777,0.02,-0.95,0.16,91.86,-60.67,15.20,,,
388413,0.06,-0.62,0.87,35.34,-15.32,-16.30,,,
389016,0.18,-0.38,0.96,-8.54,7.93,51.88,,,
389609,-0.12,-0.61,0.92,29.24,38.39,-0.92,,,
390203,-0.02,-0.47,1.03,4.15,14.47,-14.89,,,
390796,-0.05,-0.49,0.77,51.09,-28.69,-14.59,,,
391390,-0.02,-0.53,0.86,-10.62,24.48,-22.95,,,
391985,0.08,-0.61,0.79,-13.12,24.05,-41.20,,,
392578,-0.08,-0.53,0.83,8.48,15.56,-21.67,,,
393172,0.01,-0.37,0.88,25.94,26.67,37.05,,,
393765,-0.03,-0.26,1.02,8.48,9.09,-1.34,,,
394358,-0.04,-0.18,1.02,10.74,3.17,-47.42,,,
394951,-0.03,-0.25,1.02,-2.75,0.12,-0.12,,,
395595,0.04,-0.19,1.00,-1.46,6.77,-25.94,,,
396189,0.05,-0.18,1.02,0.18,-10.31,-4.33,,,
396782,0.15,-0.07,0.98,3.48,1.16,-7.26,,,
397376,0.23,0.01,0.98,13.24,1.28,2.38,,,
397968,0.19,0.01,1.00,12.82,-8.85,-13.61,,,
398561,0.22,-0.01,1.01,-13.31,1.65,2.38,,,
399155,0.22,-0.02,1.00,-2.69,-6.10,2.62,,,
399748,0.35,0.10,1.07,-0.06,10.74,33.51,,,
400342,0.09,-0.25,1.02,-5.49,9.64,8.06,,,
400935,0.03,-0.37,0.96,-32.35,6.90,60.73,,,
401529,-0.13,-0.62,0.85,-66.04,12.82,-8.24,,,
402131,-0.12,-0.86,0.57,-16.78,-5.19,-1.59,,,
402767,-0.12,-0.88,0.49,-1.83,-1.22,-0.98,,,
403361,-0.05,-0.89,0.53,10.68,-57.74,22.95,,,
403954,-0.03,-0.85,0.55,10.31,23.38,-13.18,,,
404549,-0.04,-0.86,0.49,-0.67,20.20,-10.99,,,
405142,-0.15,-0.85,0.51,-18.98,25.63,-18.55,,,
405735,0.15,-0.94,-0.24,-11.35,39.86,-36.01,,,
406330,0.16,-1.01,0.28,6.29,13.73,-8.18,,,
406922,0.12,-1.03,0.20,-17.27,-12.57,6.47,,,
407517,0.16,-1.06,-0.03,17.58,-39.73,-3.42,,,
408110,0.08,-0.98,0.03,-1.59,-7.75,1.71,,,
408712,0.07,-1.01,0.11,6.77,-10.38,2.75,,,
409305,0.13,-1.00,0.09,-0.24,-2.81,-1.65,,,
409940,0.17,-0.96,0.10,14.77,-71.84,23.56,,,
410534,0.08,-0.99,0.22,1.71,-4.70,-1.71,,,
411127,0.10,-0.99,0.21,-0.43,-1.83,0.00,,,
411720,0.11,-0.98,0.22,-1.53,0.18,-3.23,,,
412313,0.13,-0.98,0.22,-0.18,-1.40,-1.22,,,
412906,0.13,-1.12,0.35,40.16,84.84,109.50,,,
413499,-0.20,-0.51,0.09,34.91,-27.83,73.79,,,
414092,-0.27,-0.64,0.49,21.12,-84.11,-16.42,,,
414687,-0.19,-0.88,0.67,12.02,17.64,46.88,,,
415289,-0.39,-0.73,0.51,0.73,6.96,86.85,,,
415882,-0.30,-0.71,0.21,22.89,15.69,92.59,,,
416476,-0.22,-0.78,0.20,39.92,25.02,97.60,,,
417112,0.12,-0.75,0.40,55.54,151.86,147.83,,,
417706,-0.00,-0.95,0.33,-38.27,62.68,-17.52,,,
418299,0.01,-0.96,0.09,11.29,20.45,-2.50,,,
418893,0.01,-0.92,0.25,14.22,-23.62,-12.63,,,
419486,0.03,-1.00,0.09,0.55,11.47,-1.28,,,
420079,0.03,-1.01,0.11,2.62,-2.08,-0.98,,,
420672,0.06,-0.99,0.30,5.55,9.34,-3.66,,,
421264,0.05,-1.00,0.13,-1.95,5.62,1.28,,,
421893,0.06,-1.00,0.11,4.03,-3.97,2.69,,,
422493,0.06,-1.01,0.09,-0.85,-0.43,-0.49,,,
423095,0.05,-1.00,0.10,2.38,1.22,-0.98,,,
423738,0.07,-1.00,0.10,-0.31,-0.73,-1.22,,,
424338,0.07,-1.01,0.11,-3.78,-0.31,2.08,,,
424940,0.06,-1.01,0.08,0.12,0.98,1.95,,,
425540,0.09,-0.99,0.05,-6.90,28.32,-12.88,,,
426141,0.01,-1.06,0.25,-32.59,-53.53,43.40,,,
426742,-0.02,-0.96,0.06,-10.93,-24.17,18.43,,,
427344,-0.12,-0.85,0.60,130.92,-132.14,25.76,,,
427946,-0.01,-0.62,0.70,-12.15,20.75,-65.43,,,
428556,-0.01,-0.45,0.83,-117.55,26.79,-48.95,,,
429158,-0.16,-0.29,1.01,-45.90,2.26,-10.01,,,
429759,-0.06,-0.27,0.88,-23.07,12.45,28.87,,,
430360,-0.11,-0.08,1.14,13.79,-0.79,4.76,,,
431004,-0.10,-0.17,1.04,-18.74,9.03,-1.34,,,
431605,-0.16,-0.49,0.99,-39.31,31.62,-115.72,,,
432208,-0.16,-0.61,0.75,-10.74,-2.01,-7.63,,,
432809,-0.19,-0.87,0.47,-30.70,-15.26,8.97,,,
433410,-0.08,-0.83,0.52,33.08,-12.08,-13.24,,,
434011,-0.14,-0.63,0.84,16.30,50.54,-10.19,,,
434612,-0.00,-0.62,0.79,6.90,8.12,-25.15,,,
435223,0.07,-0.59,0.86,-2.56,29.97,-49.74,,,
435824,-0.16,-0.80,0.70,-48.28,9.52,-6.59,,,
436426,0.08,-0.85,0.01,-13.24,26.86,3.54,,,
437027,-0.06,-1.02,-0.01,-10.07,-14.89,-4.09,,,
437628,0.00,-1.01,-0.00,2.99,9.28,2.50,,,
438272,-0.03,-0.99,-0.05,2.62,-4.46,1.10,,,
438873,0.01,-1.00,-0.05,-1.59,-3.78,-1.16,,,
439475,-0.02,-1.00,-0.05,1.04,-0.18,-0.31,,,
440075,-0.01,-1.00,-0.05,-1.34,0.00,0.24,,,
440675,-0.01,-1.00,-0.07,2.14,-0.18,0.00,,,
441277,0.00,-1.01,-0.06,-3.97,9.40,-2.08,,,
441886,-0.04,-0.99,-0.09,0.73,0.49,0.49,,,
442487,-0.04,-1.00,-0.09,-1.04,-0.18,0.85,,,
443088,0.06,-0.99,-0.08,2.20,-5.62,-6.23,,,
443689,0.03,-1.00,-0.05,2.08,2.56,-2.44,,,
444289,0.06,-0.99,-0.02,7.75,16.42,-15.81,,,
444890,0.14,-0.99,0.07,4.33,0.73,2.69,,,
445534,0.04,-0.99,0.15,4.27,27.28,-2.99,,,
446135,0.02,-1.01,0.19,-17.15,-2.38,-9.64,,,
446736,0.11,-1.06,0.15,-42.97,-113.95,33.20,,,
447337,0.14,-1.28,0.04,-64.64,5.92,-134.09,,,
447938,0.05,-0.56,0.79,114.07,-10.31,52.73,,,
448549,-0.09,-0.67,0.98,29.11,-75.74,37.60,,,
449151,-0.06,-0.59,0.95,37.29,20.51,36.99,,,
449753,-0.06,-0.64,0.80,-12.21,-16.05,-56.95,,,
450354,0.02,-0.68,0.78,-5.25,-2.87,-0.79,,,
450954,0.02,-0.79,0.62,-24.54,15.87,-7.39,,,
451556,-0.01,-0.78,0.08,-19.29,-14.04,10.19,,,
452157,0.06,-0.99,0.02,-17.09,-15.63,-0.43,,,
452802,0.04,-1.00,0.01,0.67,-3.54,6.65,,,
453402,0.05,-1.01,0.00,-0.73,2.99,-1.16,,,
454002,0.06,-1.01,-0.00,0.79,0.85,-0.31,,,
454603,0.05,-1.00,-0.01,-1.46,-13.55,7.57,,,
455213,0.02,-1.03,0.04,7.87,87.22,-33.94,,,
455814,0.15,-1.02,0.07,0.00,5.86,-3.97,,,
456414,0.07,-0.52,0.47,124.57,18.19,82.40,,,
457016,-0.03,-0.69,0.48,26.61,-140.75,97.90,,,
457617,-0.07,-0.68,0.72,-27.22,29.60,-88.13,,,
458218,-0.06,-0.83,0.61,20.39,-39.12,64.27,,,
458821,0.00,-0.75,0.72,-16.54,22.77,-65.25,,,
459422,0.04,-0.83,0.59,-12.51,0.67,1.89,,,
460066,0.03,-0.88,0.55,-10.44,5.92,-2.69,,,
460666,0.13,-1.07,0.63,8.79,-29.48,48.65,,,
461267,0.04,-0.92,0.45,-7.32,0.61,-1.83,,,
461878,0.07,-0.93,0.42,-0.79,-4.52,0.55,,,
462478,-0.16,-0.74,0.53,31.49,50.84,-3.97,,,
463081,0.00,-0.93,0.59,11.54,26.61,-2.99,,,
463681,-0.03,-0.92,0.60,-5.19,2.32,-17.46,,,
464282,0.06,-0.93,0.33,-5.37,17.94,-12.70,,,
464884,-0.05,-1.00,0.34,-11.60,-27.34,5.74,,,
465485,-0.10,-0.97,0.32,4.52,56.88,-61.04,,,
466087,0.11,-0.87,0.49,1.40,-2.14,3.54,,,
466687,0.11,-0.88,0.50,-0.31,0.85,-1.53,,,
467331,0.09,-0.89,0.47,-3.78,2.20,2.93,,,
467931,0.06,-0.85,0.48,9.52,29.91,-7.69,,,
468541,0.05,-0.83,0.57,-4.15,0.06,-15.01,,,
469143,0.05,-0.62,0.67,82.76,19.53,19.90,,,
469744,-0.12,0.09,0.97,-1.22,-5.13,34.00,,,
470346,-0.20,-0.08,1.04,-27.89,-0.49,-19.23,,,
470947,-0.24,-0.30,1.01,-81.48,34.18,-83.19,,,
471548,-0.16,-0.45,0.87,-8.00,21.48,-53.10,,,
472150,-0.12,-0.64,0.94,-42.85,-31.74,3.78,,,
472751,-0.00,-0.59,0.81,25.15,75.81,-98.39,,,
473354,-0.05,-0.65,0.92,11.96,-34.67,57.74,,,
473954,-0.12,-0.60,0.87,15.14,48.10,-21.55,,,
474598,0.00,-0.65,0.94,65.80,14.40,-32.78,,,
475209,-0.11,-0.71,0.84,34.18,-18.98,2.87,,,
475809,-0.15,-0.57,0.87,-4.88,51.03,-101.20,,,
476411,-0.25,-0.66,0.74,10.50,8.67,-3.23,,,
477012,-0.18,-0.78,0.66,57.86,44.43,12.33,,,
477613,0.09,-0.80,0.41,-32.84,-3.60,-48.03,,,
478214,0.17,-0.96,0.26,-3.54,29.97,-4.76,,,
478814,-0.09,-1.03,-0.01,-34.00,-23.19,23.99,,,
479417,-0.12,-0.98,-0.10,13.00,-4.46,0.18,,,
480018,-0.22,-0.97,-0.03,-6.71,-15.93,14.28,,,
480620,-0.18,-1.00,-0.06,2.08,9.95,-5.80,,,
481271,-0.10,-1.00,-0.05,-0.98,0.43,-3.72,,,
481872,-0.13,-1.02,-0.08,1.65,-10.25,7.87,,,
482474,-0.28,-0.94,-0.06,-39.67,-18.13,27.28,,,
483076,-0.22,-0.96,-0.13,14.95,7.51,-8.73,,,
483677,-0.23,-0.98,0.06,19.71,1.10,0.18,,,
484278,-0.20,-0.98,0.11,6.77,3.60,-2.38,,,
484878,-0.13,-1.01,0.06,-3.17,0.85,4.64,,,
485480,-0.20,-1.03,0.23,-8.06,2.38,6.16,,,
486080,-0.17,-1.01,0.18,5.00,-8.36,-11.47,,,
486682,-0.13,-0.96,0.14,1.83,8.85,8.18,,,
487282,-0.15,-0.99,0.17,-1.10,16.66,5.55,,,
487882,-0.10,-1.02,0.19,2.87,10.74,15.38,,,
488534,-0.18,-0.98,0.21,3.11,-14.83,0.24,,,
489135,-0.17,-0.93,0.22,13.18,-11.96,-2.38,,,
489737,-0.21,-0.94,0.23,5.86,-4.76,-0.67,,,
490337,-0.18,-0.93,0.27,4.39,-9.70,-11.05,,,
490939,-0.14,-0.94,0.27,7.26,-16.54,-0.85,,,
491539,-0.18,-0.94,0.26,5.49,-15.01,-2.01,,,
492140,-0.15,-0.93,0.27,2.81,-15.26,-7.81,,,
492742,-0.07,-0.94,0.25,-5.25,-19.71,-5.68,,,
493343,-0.05,-0.99,0.26,-13.79,8.85,8.18,,,
493945,-0.01,-1.00,0.22,-6.29,14.71,14.47,,,
494545,-0.07,-1.01,0.17,-5.00,4.39,14.89,,,
495138,-0.05,-0.98,0.22,16.30,5.55,-3.72,,,
495740,-0.17,-0.85,0.51,18.74,-1.83,11.78,,,
496383,0.03,-0.77,0.84,-6.53,-35.46,-16.54,,,
496985,-0.22,-0.52,0.81,-9.40,-18.31,-65.25,,,
497586,-0.01,-0.56,0.48,70.01,-114.20,119.75,,,
498187,0.03,-0.50,0.98,-5.62,-18.86,43.03,,,
498788,0.22,0.16,0.96,90.33,22.71,-74.95,,,
499388,0.01,-0.45,0.83,0.55,38.09,2.08,,,
499990,-0.06,-0.55,0.83,11.35,-6.65,-30.09,,,
500591,0.04,-0.53,0.91,-17.76,-32.41,-3.23,,,
501201,-0.05,-0.49,0.89,-14.47,13.12,3.11,,,
501802,0.37,-0.26,1.13,14.59,-67.99,-32.35,,,
502403,0.12,-0.39,0.87,-18.07,-6.16,-70.68,,,
503006,-0.03,-0.49,0.72,-14.16,14.71,6.16,,,
503649,0.07,-0.62,0.71,-40.77,-3.48,-46.26,,,
504251,-0.02,-0.53,0.67,20.26,26.79,-12.33,,,
504852,0.00,-0.45,0.94,19.29,2.93,12.70,,,
505453,-0.08,-0.25,1.04,56.03,-13.31,15.99,,,
506055,-0.01,-0.25,1.09,20.81,13.49,-7.32,,,
506656,-0.10,-0.33,0.94,20.69,29.48,-45.90,,,
507259,-0.08,-0.20,1.27,-36.74,19.35,-18.25,,,
507868,-0.27,-0.43,0.97,-96.50,9.52,-94.48,,,
508469,-0.14,-0.46,0.91,-26.92,-60.91,53.89,,,
509071,0.22,-0.42,0.80,-49.44,44.07,51.70,,,
509672,0.36,-0.49,0.85,-17.76,66.65,27.04,,,
510274,0.28,-0.54,0.41,32.71,6.29,62.44,,,
510917,-0.02,-0.60,1.00,-30.76,105.53,-24.54,,,
511518,-0.14,-0.62,0.75,40.04,43.76,5.62,,,
512119,-0.49,-0.57,0.70,-51.88,-87.04,18.62,,,
512720,-0.17,-0.64,0.80,5.62,23.38,24.60,,,
513322,-0.11,-0.74,0.33,3.60,-14.83,-6.04,,,
513923,-0.08,-0.82,0.26,71.72,80.69,-39.61,,,
514534,0.25,-0.65,0.47,-10.01,-51.70,36.07,,,
515135,0.26,-0.76,0.53,-22.16,-19.04,37.23,,,
515736,0.32,-0.86,0.24,-20.94,56.58,-27.71,,,
516338,0.24,-0.71,0.64,31.19,-6.23,37.96,,,
516938,-0.07,-0.39,0.88,25.09,7.93,19.53,,,
517540,-0.10,-0.28,0.98,18.74,-17.46,-9.83,,,
518184,0.03,-0.40,0.97,21.97,38.57,-62.07,,,
518784,0.00,-0.65,0.83,0.43,-21.79,-4.52,,,
519386,0.19,-0.80,0.77,-30.52,-36.07,48.16,,,
519987,0.11,-0.87,0.45,-38.76,6.29,23.25,,,
520588,-0.58,-1.02,0.64,59.51,208.07,73.97,,,
521198,2.84,-1.09,1.09,117.98,-110.72,-342.53,,,
521799,0.31,-1.02,0.41,34.30,-1.89,-1.04,,,
522399,0.22,-0.81,0.75,-0.06,15.14,-6.47,,,
523000,0.42,-0.61,0.34,29.54,38.33,-17.94,,,
523602,0.20,-0.75,0.55,35.28,-18.80,23.01,,,
524203,0.23,-0.78,0.31,15.38,-28.02,18.37,,,
524805,0.08,-0.98,0.39,-29.42,-3.66,20.63,,,
525448,0.05,-0.94,-0.02,-44.01,29.91,-13.61,,,
526050,0.36,-0.62,0.67,86.24,109.07,50.17,,,
526651,0.31,-0.62,0.79,-9.09,-1.71,-0.43,,,
527252,0.23,-0.63,0.78,-13.24,-3.72,7.63,,,
527863,0.24,-0.61,0.75,24.23,-25.09,23.38,,,
528463,0.11,-0.46,0.93,-8.91,-7.08,6.96,,,
529064,0.20,-0.78,0.61,-19.78,-21.30,12.82,,,
529665,0.16,-0.92,0.40,14.65,-17.70,12.33,,,
530266,0.15,-0.94,0.47,14.53,8.36,1.71,,,
530868,0.10,-0.86,0.56,2.20,-4.15,0.85,,,
531468,0.14,-0.87,0.51,-5.00,5.07,-11.11,,,
532068,0.15,-0.83,0.53,-0.73,41.93,-37.72,,,
532712,0.22,-0.61,0.76,8.30,45.10,-57.56,,,
533313,0.06,-0.54,0.92,-18.98,29.30,-47.67,,,
533915,0.10,-0.56,0.91,-10.31,4.82,-1.10,,,
534525,0.12,-0.57,0.85,-4.27,28.14,-29.97,,,
535127,0.15,-0.54,0.81,9.83,-0.67,16.30,,,
535727,0.19,-0.50,0.92,-29.85,-1.95,3.11,,,
536328,0.12,-0.71,0.80,-31.98,10.74,-4.15,,,
536930,0.29,-0.76,0.59,57.37,-12.08,-16.30,,,
537531,0.19,-0.79,0.65,-12.88,-3.30,-6.29,,,
538133,0.18,-0.81,0.57,-2.14,-1.10,0.55,,,
538733,0.19,-0.82,0.60,1.22,2.87,0.73,,,
539333,0.18,-0.83,0.59,-0.12,-1.59,-0.79,,,
539978,0.17,-0.86,0.52,4.39,-1.71,-2.20,,,
540578,0.16,-0.84,0.57,1.77,0.18,-0.24,,,
541189,0.13,-0.79,0.56,2.69,2.62,-0.12,,,
541789,0.14,-0.82,0.60,1.16,1.65,0.49,,,
542389,0.13,-0.81,0.60,1.71,-2.69,-0.12,,,
542990,0.13,-0.80,0.61,3.11,-2.44,1.59,,,
543590,0.12,-0.80,0.62,2.87,-0.61,0.73,,,
544190,0.12,-0.78,0.64,-1.77,-0.12,0.73,,,
544792,0.11,-0.80,0.63,-3.42,3.36,-2.99,,,
545392,0.11,-0.80,0.62,4.09,-1.28,0.31,,,
545994,0.06,-0.72,0.74,10.74,3.60,4.70,,,
546594,0.01,-0.72,0.74,3.05,3.85,4.09,,,
547236,-0.00,-0.69,0.76,4.09,0.18,-1.34,,,
547847,-0.03,-0.68,0.75,1.65,-0.92,1.34,,,
548447,-0.05,-0.60,0.83,3.42,0.61,0.06,,,
549049,-0.08,-0.58,0.87,-0.92,1.95,-0.92,,,
549649,-0.10,-0.56,0.88,-4.39,5.31,2.08,,,
550251,-0.13,-0.57,0.85,-9.89,2.50,2.44,,,
550852,-0.12,-0.65,0.81,0.85,-3.66,13.98,,,
551453,0.01,-0.60,0.77,19.71,22.52,9.46,,,
552054,0.04,-0.65,0.80,-3.78,-19.71,-2.62,,,
552655,0.08,-0.65,0.77,-4.09,-5.86,0.00,,,
553255,0.12,-0.70,0.76,-28.50,16.36,-22.40,,,
553856,-0.05,-0.42,0.95,-14.47,-0.31,1.59,,,
554500,0.10,-0.55,0.87,-37.48,11.35,-5.80,,,
555111,0.20,-0.59,0.85,-8.30,-57.62,98.75,,,
555712,0.02,-0.53,0.98,0.98,-76.17,35.52,,,
556313,0.27,-0.91,0.36,-41.75,2.38,39.00,,,
556913,0.04,-0.83,0.52,29.91,6.90,6.41,,,
557514,0.33,-0.51,0.80,-48.28,52.31,-157.23,,,
558116,-0.14,-0.43,0.84,129.33,7.57,-51.33,,,
558717,0.11,-0.07,0.46,87.71,-11.47,-107.42,,,
559319,-0.01,-0.36,0.86,260.56,70.68,-58.90,,,
559920,0.07,-0.61,0.75,28.32,-18.92,-62.38,,,
560522,-0.09,-0.58,0.81,-4.76,-10.68,66.04,,,
561175,-0.13,-0.58,0.86,-0.24,13.06,-7.20,,,
561776,-0.16,-0.64,0.83,-12.27,-11.84,13.24,,,
562378,-0.04,-0.81,0.60,-28.14,-30.58,-30.33,,,
562979,0.01,-0.89,0.46,-2.69,-5.49,1.65,,,
563579,0.01,-0.92,0.45,-4.09,-2.56,0.00,,,
564180,0.00,-0.93,0.45,-3.60,-0.37,0.49,,,
564780,-0.03,-0.91,0.37,-11.17,-57.74,17.76,,,
565383,0.05,-0.91,0.40,-1.95,-10.68,2.87,,,
565983,0.09,-0.86,0.55,35.22,93.32,-51.09,,,
566584,0.00,-0.72,0.68,4.64,44.07,-41.26,,,
567184,-0.07,-0.55,0.94,-3.78,-40.53,30.15,,,
567794,-0.13,-0.56,0.83,10.07,19.10,-22.71,,,
568438,-0.03,-0.57,0.89,-10.19,-33.26,14.10,,,
569039,0.02,-0.66,0.95,13.43,36.93,-14.65,,,
569641,0.01,-0.75,0.74,33.20,-12.88,18.68,,,
570242,0.14,-0.51,0.88,16.42,-57.56,74.89,,,
570843,-0.04,-0.49,0.87,3.36,28.63,9.16,,,
571445,-0.07,-0.30,0.97,13.79,-22.09,-5.25,,,
572046,-0.02,-0.25,0.90,-29.36,-1.46,60.91,,,
572649,-0.10,-0.15,0.99,23.07,18.43,-29.85,,,
573250,-0.05,-0.23,1.01,7.81,3.11,-3.91,,,
573850,-0.04,-0.13,1.11,-0.43,16.11,-34.42,,,
574461,-0.00,-0.21,1.00,-26.12,0.43,3.78,,,
575062,0.14,-0.70,0.72,-22.83,-12.63,24.90,,,
575664,0.26,-0.76,0.60,2.93,4.94,-5.92,,,
576308,0.08,-0.79,0.67,-5.37,26.31,-15.56,,,
576909,-0.04,-0.74,0.74,14.53,90.52,-50.90,,,
577511,-0.02,-0.36,0.86,-37.96,53.34,-70.50,,,
578112,-0.06,-0.69,0.73,31.43,-31.56,90.39,,,
578715,-0.08,-0.68,0.67,-39.86,16.91,-45.23,,,
579316,-0.08,-0.30,1.01,7.87,19.04,-27.47,,,
579918,0.03,-0.43,1.13,9.09,46.08,-25.94,,,
580519,-0.29,-0.40,1.00,47.85,29.85,62.74,,,
581129,0.12,-0.41,1.15,-30.76,50.72,22.95,,,
581731,0.05,-0.52,0.87,-8.24,-16.30,33.20,,,
582331,0.02,-0.46,0.98,-11.05,18.07,-34.67,,,
582977,-0.07,-0.52,0.92,-8.42,99.79,-79.47,,,
583578,0.07,-0.59,0.79,9.95,7.57,-35.40,,,
584178,-0.15,-0.62,0.86,83.80,40.95,-46.75,,,
584780,-0.09,-0.82,0.63,20.32,76.66,-89.05,,,
585382,-0.18,-0.58,0.91,94.91,9.09,-36.99,,,
585984,0.11,-0.57,1.05,115.66,29.11,-49.19,,,
586584,-0.08,-0.70,0.93,3.91,9.28,5.07,,,
587185,0.16,-0.61,0.93,-19.71,-40.10,24.96,,,
587795,0.06,-0.67,0.77,-18.01,13.49,33.94,,,
588396,0.09,-0.59,0.66,14.10,39.31,-28.56,,,
588998,-0.01,-0.56,0.84,20.26,1.83,5.74,,,
589598,-0.14,-0.31,0.86,4.15,74.89,-152.71,,,
590243,-0.50,-0.41,1.02,-85.45,-3.66,-0.43,,,
590845,0.07,-0.69,0.80,-6.41,-15.56,-41.93,,,
591446,0.11,-1.11,0.37,-49.93,-71.11,9.09,,,
592048,-0.05,-1.01,-0.10,30.03,-18.98,-3.66,,,
592649,-0.07,-0.99,0.08,8.30,-15.50,-9.70,,,
593250,0.03,-1.00,-0.07,-18.13,-5.31,4.21,,,
593851,0.03,-1.00,-0.11,-0.49,2.62,-1.16,,,
594460,0.00,-1.01,-0.05,21.30,5.43,-4.94,,,
595062,0.06,-0.99,-0.06,-14.04,14.16,-6.04,,,
595663,0.04,-0.99,-0.06,-2.99,-0.73,-2.93,,,
596265,0.05,-1.00,-0.07,-0.49,0.06,-1.83,,,
596909,0.02,-0.98,-0.07,-1.46,8.73,-0.85,,,
597509,0.02,-1.01,-0.01,7.45,-0.24,1.53,,,
598111,-0.01,-1.00,0.16,5.43,2.20,2.87,,,
598711,-0.01,-1.00,0.19,3.23,-3.72,0.49,,,
599312,-0.01,-0.98,0.18,-3.48,-10.56,1.77,,,
599913,-0.05,-0.98,0.29,25.76,-10.99,-3.11,,,
600514,0.01,-1.00,0.32,-10.86,35.40,-32.59,,,
601124,0.01,-1.00,-0.05,-14.34,-4.58,-2.38,,,
601724,0.10,-1.00,-0.11,3.54,-0.61,-5.19,,,
602326,0.19,-0.98,-0.11,-1.65,8.24,-3.97,,,
602927,0.17,-0.98,0.01,3.42,10.01,10.38,,,
603528,0.13,-1.00,-0.07,-2.50,1.40,-0.73,,,
604172,0.14,-0.95,-0.08,16.78,-18.25,34.48,,,
604773,0.09,-1.00,-0.05,-1.22,-3.97,-4.82,,,
605375,0.10,-0.98,-0.12,-0.37,1.34,-2.38,,,
605975,0.10,-1.00,-0.12,2.62,0.00,1.53,,,
606577,0.09,-0.99,-0.14,1.59,-2.32,0.61,,,
607177,0.08,-0.99,-0.13,1.10,-0.98,0.67,,,
607787,0.10,-1.00,-0.12,-1.40,-1.46,-0.79,,,
608388,0.10,-1.00,-0.11,-0.24,-0.61,1.22,,,
608989,0.12,-0.99,-0.10,4.76,-4.76,-2.44,,,
609591,0.08,-1.00,-0.08,0.37,-1.40,2.38,,,
610191,0.04,-1.01,-0.06,0.00,-1.59,0.61,,,
610835,0.08,-0.99,-0.08,0.61,-1.22,1.83,,,
611436,-0.25,-1.03,0.12,31.86,-55.24,7.26,,,
612037,-0.13,-0.97,0.17,-4.58,-88.99,8.24,,,
612639,-0.21,-0.97,0.23,2.26,1.77,0.24,,,
613239,-0.21,-0.97,0.24,5.43,1.77,-7.39,,,
613841,-0.18,-0.96,0.27,0.79,1.04,-2.38,,,
614450,-0.12,-0.98,0.27,-1.89,-3.05,-0.55,,,
615050,-0.12,-0.97,0.28,-1.22,0.31,-0.79,,,
615652,-0.12,-0.98,0.28,1.53,0.24,-5.80,,,
616252,-0.16,-0.97,0.26,0.92,-6.65,3.17,,,
616854,-0.18,-0.95,0.27,0.49,-1.16,2.44,,,
617454,-0.15,-0.97,0.26,6.04,14.16,-12.76,,,
618099,-0.15,-0.95,0.28,2.99,-0.67,-4.15,,,
618700,-0.13,-0.97,0.31,-1.28,-0.43,0.12,,,
619301,-0.12,-0.96,0.29,0.06,-0.12,-0.49,,,
619903,-0.13,-0.96,0.28,2.20,0.24,-0.49,,,
620503,-0.12,-0.96,0.30,0.18,-0.98,-0.37,,,
621112,-0.11,-0.96,0.31,-1.16,-0.12,-0.98,,,
621714,-0.12,-0.96,0.28,0.43,-2.01,-1.40,,,
622314,-0.12,-0.96,0.28,0.67,0.61,-1.28,,,
622915,-0.11,-0.96,0.31,-0.43,1.40,0.00,,,
623516,-0.10,-0.97,0.31,-0.67,-0.98,1.10,,,
624117,-0.19,-0.97,0.26,2.81,2.08,-1.46,,,
624761,-0.16,-0.97,0.26,-1.04,-2.62,1.40,,,
625361,-0.18,-0.97,0.24,1.77,0.55,2.26,,,
625963,-0.16,-0.97,0.26,0.31,1.77,-0.98,,,
626563,-0.17,-0.96,0.26,0.06,-0.79,-1.04,,,
627165,-0.17,-0.97,0.26,1.10,0.18,-0.06,,,
627765,-0.16,-0.99,0.26,0.85,96.92,-36.56,,,
628374,0.20,-0.95,-0.15,-4.15,2.69,2.62,,,
628976,0.16,-0.95,-0.23,2.50,-13.18,3.30,,,
629576,0.05,-0.97,-0.15,-19.78,3.11,2.81,,,
630178,-0.04,-0.95,-0.17,7.87,-13.85,14.34,,,
630779,-0.35,-0.91,0.21,29.36,26.67,1.22,,,
631380,-0.18,-0.95,0.28,-5.55,-0.18,-28.08,,,
632025,-0.14,-0.98,0.11,-52.55,7.26,-5.07,,,
632625,-0.22,-1.00,0.05,1.16,53.96,25.02,,,
633227,-0.78,-0.51,-0.24,111.15,32.04,70.19,,,
633828,-0.72,-0.47,-0.11,67.69,22.28,19.17,,,
634438,-0.55,-0.88,0.17,-17.52,67.08,18.01,,,
635040,-0.55,-0.80,-0.05,-6.41,-17.40,8.12,,,
635641,-0.59,-0.82,-0.00,9.64,-6.16,-3.60,,,
636242,-0.51,-0.87,0.17,10.31,-7.93,2.20,,,
636843,-0.52,-0.84,0.19,-14.71,26.06,-22.22,,,
637445,-1.03,-0.85,-0.12,-29.72,35.95,90.39,,,
638046,-0.28,-0.96,0.25,-33.81,42.66,-50.66,,,
638691,-0.43,-0.89,-0.02,-15.75,-6.29,13.31,,,
639293,-0.46,-0.89,-0.03,1.95,-5.00,0.31,,,
639893,-0.43,-0.92,0.12,-4.94,6.65,-3.11,,,
640495,-0.43,-0.87,-0.19,-3.42,-3.23,3.30,,,
641104,-0.43,-0.89,-0.17,-1.22,-1.40,5.00,,,
641704,-0.49,-0.86,-0.22,7.75,-43.58,-5.74,,,
642306,0.31,-1.01,0.63,161.01,-126.89,-30.58,,,
642908,0.02,0.19,0.39,-83.50,-25.88,-40.34,,,
643510,0.21,-0.61,0.75,-16.11,48.46,-82.46,,,
644111,0.17,-0.73,1.10,17.64,-40.71,-34.85,,,
644711,0.20,-0.62,0.71,-50.42,25.70,9.89,,,
645312,0.34,-0.51,0.78,15.87,51.45,-11.41,,,
645956,0.06,-0.57,0.85,3.66,11.72,-15.93,,,
646558,0.06,-0.50,0.81,-17.64,47.00,-63.23,,,
647159,0.18,-0.56,1.01,-15.26,-3.91,-5.68,,,
647770,0.18,-0.63,0.87,-19.65,-26.86,16.91,,,
648371,0.29,-0.75,0.69,18.19,-18.49,34.12,,,
648972,0.35,-0.76,0.59,47.79,-112.00,52.19,,,
649574,0.42,-0.72,0.55,-27.04,-22.22,16.48,,,
650175,0.22,-0.84,0.66,5.68,-46.26,24.17,,,
650777,0.22,-0.97,0.25,-53.41,47.36,10.19,,,
651377,0.11,-0.95,-0.16,3.23,5.25,2.38,,,
651977,0.07,-0.97,-0.12,2.38,-8.54,-1.89,,,
652622,0.07,-0.98,-0.09,9.03,-5.92,-3.05,,,
653223,0.08,-0.98,-0.04,10.44,10.99,-7.51,,,
653824,0.17,-1.00,0.13,-9.34,-7.87,-0.12,,,
654433,0.20,-0.98,0.11,-1.59,2.38,-0.61,,,
655034,0.20,-0.97,0.09,0.18,0.55,-2.56,,,
655635,0.20,-0.97,0.12,1.95,-2.26,0.67,,,
656235,0.24,-1.14,0.22,13.98,8.24,4.15,,,
656836,0.27,-0.85,0.42,11.05,3.91,-12.57,,,
657437,0.37,-0.52,0.87,41.69,-16.66,53.22,,,
658038,0.50,-0.53,0.78,-15.01,24.90,-2.81,,,
658639,0.00,-0.88,0.48,-0.31,55.97,18.86,,,
659240,0.28,-0.92,0.41,-24.84,-45.10,21.12,,,
659885,0.20,-0.89,0.29,-35.40,-38.02,1.40,,,
660485,0.03,-0.97,0.37,-10.68,-7.57,-2.38,,,
661095,0.12,-0.96,0.34,1.22,5.62,4.33,,,
661695,-0.00,-0.95,0.34,-0.49,-3.36,12.88,,,
662296,-0.16,-0.97,0.26,-15.44,-2.62,14.22,,,
662897,-0.16,-0.99,0.14,2.50,-1.04,0.73,,,
663498,-0.17,-1.01,0.11,-5.92,-0.06,1.53,,,
664099,-0.19,-1.00,0.01,-7.81,-0.67,1.53,,,
664699,-0.15,-0.99,-0.03,-7.87,-4.15,-3.36,,,
665300,-0.22,-1.03,-0.11,-19.10,18.01,-16.91,,,
665902,0.26,-0.78,-0.49,-121.22,-28.75,-83.19,,,
666547,0.41,0.33,-0.95,-26.12,-31.31,-19.04,,,
667149,0.32,0.35,-0.86,8.48,16.17,35.03,,,
667758,0.36,0.43,-0.79,12.88,9.52,5.86,,,
668359,0.56,0.30,-0.72,4.52,-2.81,5.86,,,
668960,0.58,0.30,-0.71,26.79,-8.36,-45.29,,,
669561,0.63,0.22,-0.69,-3.66,-17.33,22.03,,,
670163,0.56,0.19,-0.76,-2.99,1.95,-0.73,,,
670763,0.58,0.21,-0.74,20.14,-10.62,-7.39,,,
671365,0.52,0.25,-0.76,-24.23,47.91,34.55,,,
671965,0.54,0.08,-0.74,46.75,-54.50,-33.63,,,
672566,0.65,0.18,-0.69,-29.05,43.52,16.48,,,
673168,0.88,0.24,-0.55,52.19,-68.85,-11.60,,,
673812,0.70,0.12,-0.64,-26.37,28.02,17.09,,,
674422,0.73,0.15,-0.61,1.04,-5.31,-1.53,,,
675023,0.75,0.17,-0.59,1.71,-2.38,-1.59,,,
675623,0.74,0.21,-0.58,-1.22,1.95,5.25,,,
676224,0.77,0.16,-0.57,-1.28,0.00,1.46,,,
676824,0.76,0.18,-0.58,-1.83,2.50,2.56,,,
677425,0.79,0.18,-0.54,-0.49,6.16,1.71,,,
678025,0.80,0.16,-0.52,-1.22,1.16,0.73,,,
678626,0.82,0.16,-0.50,0.92,-1.46,0.37,,,
679227,0.83,0.15,-0.50,1.83,0.00,0.79,,,
679827,0.83,0.10,-0.54,2.99,-33.14,0.37,,,
680472,0.79,0.50,-0.78,-194.52,-119.45,-139.34,,,
681082,0.13,0.56,-0.78,-41.87,14.89,-12.33,,,
681683,0.13,0.57,-0.73,9.83,-0.12,-0.85,,,
682283,0.25,0.33,-0.88,-6.29,2.69,-3.54,,,
682883,0.22,0.36,-0.94,-38.27,-63.17,7.02,,,
683484,0.15,0.44,-0.82,-18.25,2.87,-5.19,,,
684084,0.07,0.28,-0.91,24.66,8.67,-8.79,,,
684685,0.44,0.34,-0.90,-46.08,14.28,-19.78,,,
685286,0.18,0.36,-0.82,5.13,11.72,-4.46,,,
685885,0.23,0.37,-0.86,-11.11,-0.24,-1.77,,,
686487,0.18,0.37,-0.77,10.86,-0.79,-5.19,,,
687086,0.22,0.24,-0.87,13.06,-9.52,-19.47,,,
687740,0.03,0.29,-0.80,-21.00,16.36,-26.18,,,
688340,0.17,0.45,-0.81,9.34,-17.03,-4.52,,,
688941,0.09,0.54,-0.71,12.94,2.14,-7.75,,,
689542,0.23,0.37,-0.81,11.96,3.60,-1.40,,,
