Time,AccelX,AccelY,AccelZ,GyroX,GyroY,GyroZ,MagX,MagY,MagZ
28,0.20,-0.32,0.74,55.30,22.46,53.77,,,
620,0.34,-0.63,0.94,85.82,2.50,-22.28,,,
1214,0.09,-0.66,0.92,2.81,7.08,40.89,,,
1806,0.17,-0.47,0.97,0.79,-42.36,16.85,,,
2399,0.08,-0.49,0.97,2.87,50.29,4.21,,,
2991,0.26,-0.72,0.81,54.38,-58.23,29.72,,,
3583,0.11,-0.66,0.89,15.93,1.34,4.82,,,
4175,0.11,-0.38,0.81,6.71,23.80,-23.50,,,
4768,0.34,0.07,0.95,19.17,3.54,48.52,,,
5402,-0.07,-0.08,1.16,-142.58,6.16,-60.91,,,
5996,0.09,-0.44,0.93,2.99,15.14,-45.10,,,
6597,-0.04,-0.66,0.75,-4.70,14.16,-47.91,,,
7189,0.11,-0.70,0.66,47.55,50.96,-53.59,,,
7783,0.19,-0.63,0.79,-21.12,-20.08,-28.02,,,
8376,0.16,-0.54,0.89,16.24,29.42,1.77,,,
8969,-0.01,-0.59,1.02,96.56,53.28,28.20,,,
9561,0.26,-0.59,0.97,61.58,-29.48,-28.26,,,
10154,0.08,-0.48,0.91,79.96,1.89,21.85,,,
10747,0.09,-0.32,1.07,-80.93,30.40,29.05,,,
11339,0.02,-0.54,0.91,-7.93,-6.53,11.66,,,
11933,0.02,-0.72,0.78,-31.49,-8.73,1.28,,,
12569,0.03,-0.82,0.77,-23.93,2.87,-38.51,,,
13171,0.14,-0.91,0.16,-57.74,-34.18,7.75,,,
13764,0.08,-1.00,-0.06,-27.34,-12.33,45.04,,,
14357,0.12,-1.08,0.04,5.86,-35.58,8.06,,,
14950,-0.01,-1.03,0.04,14.47,-79.47,2.44,,,
15543,0.07,-0.99,0.05,-3.85,-5.80,-1.22,,,
16137,0.10,-0.93,-0.07,-5.62,13.37,5.86,,,
16729,0.43,-0.81,-0.16,-0.18,21.30,14.83,,,
17323,0.05,-1.65,0.04,-98.39,-78.06,184.75,,,
17916,0.06,-0.60,0.82,26.61,9.22,-56.82,,,
18509,0.07,-0.59,0.84,4.33,-13.73,-4.27,,,
19103,0.17,-0.48,0.93,-2.32,3.85,-19.23,,,
19747,0.09,-0.66,0.77,-27.22,4.94,-14.16,,,
20341,0.02,-0.87,0.49,-23.56,20.57,-22.46,,,
20934,-0.03,-0.91,0.44,-13.24,-47.30,21.55,,,
21528,0.08,-0.92,0.56,10.68,11.66,-5.62,,,
22121,0.11,-0.82,0.60,-8.00,-4.15,-2.62,,,
22714,0.12,-0.90,0.47,-7.39,10.19,-9.95,,,
23307,0.10,-0.92,0.39,-6.96,23.86,2.93,,,
23900,0.10,-0.79,0.64,55.18,-15.20,2.14,,,
24493,-0.03,-0.61,0.91,50.35,-11.11,22.46,,,
25086,0.19,0.21,1.06,-15.81,-26.55,117.00,,,
25679,-0.21,-0.51,0.52,-89.17,26.43,137.94,,,
26273,0.22,0.00,1.02,-58.47,53.41,69.52,,,
26918,-1.16,-2.89,1.05,323.36,-509.95,196.17,,,
27513,-0.21,-0.54,0.81,-10.56,107.36,-65.43,,,
28106,-0.29,-0.64,0.80,37.78,18.80,-46.94,,,
28699,0.04,-0.51,0.89,-44.56,17.70,51.09,,,
29292,-0.03,-0.42,1.00,-74.58,9.95,-24.78,,,
29885,-0.07,-0.49,0.93,-61.40,15.26,-83.44,,,
30479,0.13,-0.72,0.67,-9.46,-3.30,-16.60,,,
31072,0.06,-0.78,0.50,-5.80,16.30,-33.51,,,
31666,0.02,-0.90,0.47,9.22,-9.70,4.15,,,
32258,0.02,-0.68,0.74,23.38,7.87,-14.89,,,
32851,-0.05,-0.61,0.81,9.77,9.52,-130.80,,,
33496,0.16,-0.68,0.71,-22.34,-3.66,-6.29,,,
34089,0.29,-0.95,0.38,-58.17,9.09,-28.26,,,
34683,0.20,-0.90,0.34,4.03,-100.59,63.54,,,
35276,0.17,-1.08,-0.12,-25.82,-23.07,1.65,,,
35869,0.15,-0.93,-0.15,-9.58,-3.36,11.60,,,
36462,0.11,-0.97,-0.16,-4.88,2.56,0.92,,,
37054,0.27,-1.01,-0.04,30.09,29.17,-9.77,,,
37648,0.09,-0.95,0.25,19.23,-12.76,11.66,,,
38241,-0.05,-1.02,0.31,-7.87,-36.74,-1.71,,,
38835,-0.02,-0.98,0.05,-10.68,0.49,-10.19,,,
39428,0.10,-0.99,0.08,34.30,-13.37,-9.40,,,
40029,0.16,-0.96,0.02,29.17,-14.40,5.49,,,
40622,0.06,-0.93,0.11,8.79,19.59,-5.19,,,
41258,0.06,-0.94,0.06,-1.40,47.42,-14.16,,,
41851,-0.06,-0.34,0.84,-28.14,54.14,-104.92,,,
42445,-0.05,-0.40,0.44,12.45,-28.38,88.20,,,
43038,-0.08,-0.70,0.89,-12.88,23.80,-26.18,,,
43631,-0.13,-0.58,0.79,-5.55,58.65,10.80,,,
44224,0.19,-0.72,0.82,-15.26,-87.95,72.39,,,
44818,0.14,-0.82,0.58,20.51,121.70,-71.47,,,
45411,0.20,-0.74,0.57,38.76,1.83,-27.40,,,
46005,0.07,-0.54,0.82,7.26,-13.55,19.96,,,
46607,-0.15,-0.51,0.77,-34.18,-69.95,111.76,,,
47201,0.07,-0.51,0.91,-71.04,17.94,38.57,,,
47837,0.23,-0.54,0.83,-40.89,-52.43,81.79,,,
48430,0.36,-0.21,1.14,-28.14,-57.50,113.22,,,
49024,0.22,-0.57,0.92,2.69,-19.71,113.22,,,
49617,-0.04,-0.48,0.87,50.05,17.15,-52.80,,,
50211,0.10,-0.44,0.81,-78.06,-47.42,85.82,,,
50804,-0.28,-0.26,0.99,-19.65,0.31,-34.06,,,
51397,-0.14,-0.57,0.86,3.91,-9.34,-28.32,,,
51991,-0.05,-0.66,0.86,19.90,22.83,28.56,,,
52584,-0.04,-0.44,0.88,-5.25,-28.56,-15.38,,,
53187,-0.01,-0.53,0.86,32.65,33.94,25.33,,,
53780,0.04,-0.56,0.85,64.82,-23.74,7.32,,,
54373,0.17,-0.55,0.73,-29.91,-29.79,9.77,,,
54966,0.46,-0.09,0.69,90.27,145.87,-3.97,,,
55603,0.11,-0.58,0.81,-24.23,-6.16,-0.24,,,
56196,0.12,-0.62,0.80,-1.16,-1.28,0.18,,,
56789,-0.00,-0.73,0.84,-109.62,106.45,-75.32,,,
57384,-0.09,-0.57,1.07,15.69,63.84,-143.13,,,
57977,0.61,-0.67,0.23,-11.29,-121.64,43.64,,,
58571,0.20,-0.97,-0.19,-13.79,-76.05,31.19,,,
59165,-0.09,-0.91,0.24,84.05,-16.85,21.30,,,
59767,-0.07,-0.94,0.47,-51.45,8.24,2.93,,,
60361,0.44,-2.24,0.14,-95.34,-59.02,-101.87,,,
60954,-0.07,-0.33,0.37,-66.41,53.47,-168.95,,,
61548,-0.03,-0.55,0.70,-244.02,35.64,-31.68,,,
62184,0.03,-0.45,0.85,52.86,46.57,-15.26,,,
62777,-0.15,-0.64,0.91,197.51,15.69,-3.48,,,
63371,-0.11,-0.51,1.03,-27.65,-79.35,22.03,,,
63965,-0.02,-0.51,0.91,-17.27,-15.01,10.93,,,
64559,-0.03,-0.50,0.83,11.66,26.73,-44.13,,,
65152,-0.16,-0.56,0.88,-33.69,21.24,-16.60,,,
65754,-2.02,-1.76,1.09,-325.38,446.11,-190.49,,,
66349,0.46,-1.64,1.26,376.04,-17.09,340.45,,,
66943,-0.08,0.27,0.03,-62.74,-171.57,5.43,,,
67537,-0.41,-0.96,1.44,111.39,154.05,-162.35,,,
68131,-0.04,-0.63,0.56,-11.66,38.57,-59.08,,,
68725,0.01,-0.88,0.53,0.12,-2.08,-3.05,,,
69317,-0.00,-0.87,0.48,-0.79,-8.61,5.13,,,
69965,-0.03,-0.91,0.46,-16.05,-0.31,-5.98,,,
70559,0.02,-0.93,0.42,-1.95,-0.49,0.31,,,
71152,0.13,-0.82,0.50,66.16,-49.62,44.19,,,
71746,0.19,-0.55,0.74,41.63,-33.14,26.49,,,
72348,0.27,-0.47,0.76,-58.59,-7.75,18.98,,,
72942,0.03,-0.50,0.79,38.21,26.37,3.11,,,
73535,0.18,-0.65,1.09,95.34,11.84,-4.33,,,
74129,0.06,-0.66,0.73,-21.12,58.47,-55.97,,,
74723,0.03,-0.43,0.87,-9.22,21.85,20.57,,,
75315,0.09,-0.46,0.89,21.18,3.54,-102.60,,,
75909,0.05,-0.46,0.89,13.00,17.82,47.61,,,
76545,0.14,-0.30,1.03,-28.38,-32.78,2.81,,,
77138,0.23,-0.46,0.78,26.73,37.90,6.29,,,
77731,0.13,-0.53,0.84,-21.55,3.23,8.12,,,
78324,-0.05,-0.68,0.73,-2.01,134.77,-40.65,,,
78919,-0.10,-0.76,0.70,0.43,14.16,6.41,,,
79520,-0.02,-0.83,0.64,14.65,11.17,-17.76,,,
80113,0.10,-0.75,0.79,9.03,28.44,-54.75,,,
80707,0.16,-0.71,0.75,21.24,15.56,-31.19,,,
81300,0.09,-0.76,0.71,-23.56,-6.41,2.50,,,
81894,0.09,-0.83,0.59,-1.46,1.34,0.49,,,
82486,0.11,-0.84,0.57,-4.64,-2.44,2.26,,,
83080,0.10,-0.85,0.56,-2.08,-2.08,-2.50,,,
83673,0.24,-1.03,0.47,-39.31,-67.38,7.08,,,
84309,0.02,-1.01,0.08,-2.44,1.28,1.89,,,
84903,0.02,-1.00,0.04,-2.81,0.37,-0.37,,,
85495,0.02,-1.01,0.05,-4.03,-1.71,0.00,,,
86098,0.14,-1.02,0.08,2.50,-71.04,-19.47,,,
86691,0.09,-1.01,0.01,-0.43,104.86,24.78,,,
87284,0.17,-0.93,0.13,9.89,3.60,-11.96,,,
87877,0.22,-0.97,0.36,9.58,3.78,2.56,,,
88469,0.19,-0.92,0.39,-0.43,-0.55,-2.26,,,
89063,0.34,-0.82,0.23,15.56,-61.04,18.86,,,
89656,0.14,-0.89,0.47,-2.20,0.18,3.11,,,
90249,0.12,-0.90,0.46,-0.98,-1.89,0.24,,,
90885,0.10,-0.90,0.46,-24.35,35.46,0.18,,,
91477,0.10,-0.93,0.43,-1.10,-0.12,-2.01,,,
92071,0.09,-0.91,0.41,0.55,-1.71,2.01,,,
92664,0.08,-0.92,0.43,1.53,0.43,-2.62,,,
93266,0.09,-0.91,0.44,0.37,5.68,-0.92,,,
93858,0.08,-0.92,0.43,-2.62,-1.40,-0.31,,,
94451,0.08,-0.93,0.43,-0.12,-0.31,-0.92,,,
95044,0.07,-0.91,0.39,2.69,1.40,-1.53,,,
95636,0.09,-0.92,0.41,-0.67,0.18,1.04,,,
96230,0.04,-0.93,0.49,7.63,-16.66,11.05,,,
96823,0.09,-0.92,0.41,-1.65,-10.38,0.67,,,
97417,0.12,-0.88,0.39,1.22,23.93,-25.57,,,
98009,0.14,-0.90,0.46,3.05,-4.21,-0.43,,,
98646,0.13,-0.90,0.46,-0.67,0.67,0.18,,,
99239,0.12,-0.90,0.47,2.87,1.83,-1.59,,,
99841,0.12,-0.88,0.49,3.11,1.16,-1.77,,,
100434,0.12,-0.88,0.50,3.54,1.16,-0.06,,,
101027,0.11,-0.86,0.53,-1.59,0.06,0.43,,,
101620,0.09,-0.87,0.53,1.83,-2.01,-0.61,,,
102212,0.09,-0.86,0.54,-1.22,0.85,0.43,,,
102805,0.09,-0.86,0.53,2.50,0.79,-1.77,,,
103399,0.12,-0.84,0.73,28.81,26.49,-73.61,,,
103992,0.01,-0.47,0.83,14.34,1.34,49.50,,,
104586,-0.06,-0.59,0.88,-14.83,0.49,-41.69,,,
105222,0.15,-0.59,0.81,2.38,5.31,-16.24,,,
105815,0.09,-0.58,0.87,-0.43,-7.45,5.13,,,
106409,0.12,-0.52,0.80,-8.18,-9.40,12.39,,,
107011,0.30,-0.65,0.63,-8.42,-22.77,4.09,,,
107605,0.12,-0.62,0.48,-51.70,-27.71,-18.07,,,
108199,0.22,-0.88,0.41,25.82,-19.10,19.59,,,
108793,0.28,-0.90,0.38,-3.48,-17.58,-3.11,,,
109387,0.25,-0.91,0.38,-3.36,1.10,0.85,,,
109980,0.27,-0.93,0.39,11.11,13.73,4.82,,,
110574,0.21,-0.90,0.40,-1.04,-3.36,0.31,,,
111166,0.20,-0.91,0.40,-2.93,-0.37,0.67,,,
111760,0.18,-0.90,0.41,1.53,0.31,1.59,,,
112353,0.19,-0.94,0.42,3.72,-1.83,-0.18,,,
112989,0.18,-0.92,0.41,0.31,0.18,0.06,,,
113590,0.17,-0.91,0.40,1.28,0.67,0.12,,,
114183,0.18,-0.92,0.40,-1.22,-1.53,0.18,,,
114777,0.17,-0.92,0.41,0.73,1.40,-0.49,,,
115369,0.17,-0.91,0.40,-0.61,-0.79,-0.24,,,
115963,0.17,-0.91,0.41,-2.08,0.55,0.06,,,
116556,0.18,-0.92,0.40,-0.37,0.49,-0.43,,,
117148,0.17,-0.92,0.41,-1.34,0.00,0.00,,,
117742,0.16,-0.92,0.41,-4.33,0.43,0.00,,,
118334,0.17,-0.92,0.40,0.31,-1.28,0.12,,,
118928,0.19,-0.93,0.38,-1.46,-1.59,-0.12,,,
119563,0.22,-0.91,0.35,-2.81,5.86,0.61,,,
120165,0.21,-0.93,0.37,0.37,-2.08,0.37,,,
120757,0.20,-0.92,0.37,-0.12,8.61,-0.67,,,
121350,0.21,-0.92,0.37,-2.62,-1.46,-0.18,,,
121944,0.22,-0.92,0.36,1.71,-0.49,-0.06,,,
122537,0.19,-0.92,0.37,-0.55,6.47,-1.40,,,
123131,0.22,-0.92,0.37,0.24,-0.67,-0.37,,,
123724,0.21,-0.92,0.37,-0.85,-0.43,0.18,,,
124317,0.21,-0.93,0.37,-0.06,0.31,0.00,,,
124910,0.20,-0.92,0.36,-0.43,0.67,0.67,,,
125503,0.18,-0.94,0.37,0.49,-4.15,1.10,,,
126097,0.18,-0.93,0.36,0.61,0.37,-0.49,,,
126689,0.19,-0.93,0.35,-1.04,-0.98,0.06,,,
127335,0.18,-0.93,0.36,0.06,3.85,-2.44,,,
127927,0.18,-0.93,0.36,-0.85,-0.79,0.31,,,
128520,0.18,-0.93,0.36,1.10,-1.59,0.37,,,
129114,0.18,-0.94,0.36,2.99,-2.26,0.55,,,
129707,0.18,-0.93,0.36,-2.62,3.48,-1.83,,,
130301,0.18,-0.94,0.36,-1.77,-0.49,0.37,,,
130893,0.19,-0.93,0.35,0.98,-0.55,0.49,,,
131486,0.19,-0.94,0.34,-1.10,-0.92,-0.37,,,
132079,0.19,-0.94,0.35,-1.16,-0.49,-1.53,,,
132672,0.23,-0.92,0.35,0.12,0.12,-0.18,,,
133265,0.23,-0.92,0.35,0.73,2.32,2.20,,,
133909,0.21,-0.91,0.39,12.33,12.27,0.43,,,
134503,0.17,-0.91,0.42,-1.59,-7.08,-0.92,,,
135096,0.18,-0.89,0.43,0.49,-0.92,-0.79,,,
135688,0.19,-0.90,0.43,-0.18,-2.50,-0.85,,,
136283,0.16,-0.83,0.33,26.55,-25.45,14.22,,,
136876,0.19,-0.91,0.41,-2.44,-0.49,-1.16,,,
137469,0.19,-0.89,0.43,-1.83,-2.38,-1.53,,,
138062,0.18,-0.90,0.43,0.12,1.04,-0.55,,,
138655,0.18,-0.90,0.44,2.14,-0.18,0.06,,,
139247,0.18,-0.89,0.44,-1.40,-0.43,-0.06,,,
139840,0.18,-0.91,0.44,-0.92,-0.12,0.37,,,
140434,0.18,-0.92,0.43,6.04,-10.68,4.03,,,
141078,0.15,-0.91,0.44,0.43,-1.04,-0.55,,,
141672,0.15,-0.90,0.44,-0.43,-0.24,0.37,,,
142265,0.15,-0.91,0.45,-0.31,-0.24,-0.31,,,
142857,0.15,-0.90,0.45,-1.40,0.18,0.24,,,
143451,0.15,-0.90,0.45,0.55,-0.06,-0.12,,,
144044,0.15,-0.90,0.45,1.22,-0.43,-0.31,,,
144637,0.15,-0.90,0.45,-0.43,-0.43,-0.73,,,
145230,0.16,-0.90,0.44,0.61,-0.12,-0.06,,,
145823,0.16,-0.91,0.44,-2.99,-0.79,-0.85,,,
146416,0.15,-0.96,0.41,21.61,-7.75,-0.61,,,
147009,0.09,-0.95,0.36,-0.61,-0.67,-0.31,,,
147612,0.10,-0.95,0.40,0.67,0.73,-0.43,,,
148246,0.10,-0.93,0.40,-0.24,-1.46,-0.73,,,
148840,0.12,-0.91,0.43,0.31,1.22,-2.87,,,
149433,0.13,-0.92,0.44,1.40,-2.93,-0.55,,,
150027,0.14,-0.92,0.43,0.98,-1.46,-0.24,,,
150620,0.14,-0.91,0.44,0.79,3.66,-1.89,,,
151213,0.13,-0.91,0.43,2.75,0.00,-0.18,,,
151806,0.13,-0.91,0.43,1.53,-1.28,0.18,,,
152399,0.17,-0.89,0.41,9.52,14.47,-4.58,,,
152993,0.14,-0.89,0.49,-0.67,0.18,-0.24,,,
153585,0.14,-0.88,0.49,0.00,-0.61,-0.49,,,
154186,0.14,-0.89,0.49,0.79,0.06,0.18,,,
154780,0.06,-0.79,0.16,-5.86,36.25,0.61,,,
155417,-0.04,-0.41,1.15,-111.88,-100.46,-42.48,,,
156011,0.15,-0.20,0.99,3.23,7.32,17.58,,,
156604,0.10,-0.10,1.02,7.63,-0.31,-1.22,,,
157197,0.10,-0.07,1.04,21.18,-14.53,33.81,,,
157790,1.02,-1.24,0.20,-282.65,-323.30,192.87,,,
158384,0.12,-0.81,0.55,-6.41,6.65,17.46,,,
158978,0.09,-0.95,0.54,0.00,-61.04,45.53,,,
159571,0.09,-0.98,0.32,10.86,2.62,3.17,,,
160164,0.12,-0.95,0.33,-2.56,-3.91,3.23,,,
160766,0.12,-0.95,0.34,1.89,2.69,-0.61,,,
161359,0.12,-0.94,0.34,-3.60,0.55,-0.98,,,
161953,0.34,-1.17,0.45,-166.75,-42.85,-49.93,,,
162588,0.37,-0.11,1.14,-144.29,-91.31,46.63,,,
163182,0.19,-0.23,1.01,-22.95,-2.50,-0.18,,,
163775,0.10,-0.31,0.97,8.85,-1.34,1.77,,,
164368,0.01,-0.49,0.73,67.14,-3.91,21.30,,,
164961,0.19,-0.60,0.76,58.72,44.31,-23.80,,,
165554,-0.22,-0.23,0.97,5.86,0.43,-5.31,,,
166148,-0.26,-0.18,0.98,6.47,3.23,6.71,,,
166740,-0.06,0.03,1.02,-1.04,-65.25,-195.19,,,
167335,0.38,-0.29,0.88,-33.45,3.54,-40.34,,,
167920,0.13,-0.38,0.94,-21.85,18.62,39.55,,,
168513,0.17,-0.43,0.94,3.11,13.98,-18.19,,,
169107,0.14,-0.43,0.95,-2.62,-2.44,10.01,,,
169699,0.34,-0.44,0.87,16.17,-29.60,-10.56,,,
170337,0.25,-0.52,0.83,39.12,57.07,44.56,,,
170930,-0.06,-0.44,0.92,-0.79,1.40,2.99,,,
171523,0.31,-0.66,0.92,58.96,-63.35,-91.74,,,
172116,0.18,-0.37,0.91,24.48,21.30,-7.57,,,
172709,0.05,-0.73,0.89,-37.23,-51.51,122.50,,,
173304,-0.19,-0.49,0.87,-8.12,-0.37,4.09,,,
173905,-0.16,-0.62,0.81,-15.69,-7.81,-2.81,,,
174499,-0.11,-0.75,0.69,-1.77,-0.31,1.71,,,
175092,-0.10,-0.77,0.68,-5.13,-4.88,-0.06,,,
175686,0.89,-0.66,-0.21,-52.12,-172.30,-67.87,,,
176280,-0.24,-0.93,0.15,-295.41,85.21,123.47,,,
176916,-1.03,0.08,-0.34,-85.94,-42.24,-43.15,,,
177510,-0.57,-0.85,-0.17,-65.80,-42.97,-6.65,,,
178104,-0.63,-0.75,0.22,26.25,-40.71,-36.07,,,
178698,-0.48,-0.69,0.65,3.66,14.77,-6.10,,,
179291,-0.20,-0.91,0.48,-49.50,-160.34,3.23,,,
179885,-0.18,-0.89,0.51,43.70,29.91,4.03,,,
180488,-0.44,-0.51,1.32,39.98,-199.89,43.82,,,
181081,0.01,-0.98,-0.11,119.08,-245.00,-13.00,,,
181676,0.23,-0.39,0.95,170.84,83.50,-83.37,,,
182269,-0.00,-0.18,1.17,-42.97,-33.69,-7.81,,,
182862,-0.00,-0.61,0.86,138.12,2.44,-90.33,,,
183455,0.01,-0.71,0.74,-5.37,-14.77,10.74,,,
184048,-0.28,-0.77,0.74,-17.88,-4.64,-37.78,,,
184686,-0.10,-0.48,0.87,4.27,-0.49,-10.80,,,
185279,-0.09,-0.64,0.84,-8.97,17.03,33.94,,,
185873,-0.01,-0.73,0.66,-11.66,5.86,12.39,,,
186466,-0.03,-0.85,0.61,-5.13,-17.70,4.58,,,
187068,-0.01,-0.88,0.53,-6.53,0.06,2.50,,,
187661,0.00,-0.87,0.51,0.24,0.00,-0.31,,,
188254,0.01,-0.94,0.14,-20.26,-20.75,1.34,,,
188848,-0.13,-0.92,0.40,-2.32,1.95,-2.14,,,
189441,-0.10,-0.92,0.42,3.85,6.04,0.37,,,
190033,-0.07,-0.92,0.43,-11.29,1.22,-2.62,,,
190626,-0.13,-0.56,0.18,-77.15,-31.13,21.91,,,
191262,-0.13,-0.78,0.65,2.81,6.77,1.16,,,
191856,-0.14,-0.77,0.66,2.38,2.20,-2.01,,,
192448,0.04,-0.59,1.08,57.25,-69.70,-0.67,,,
193042,-0.11,-0.50,0.89,38.64,80.75,-126.65,,,
193644,-0.04,-0.31,0.94,38.88,0.37,13.92,,,
194237,-0.15,-0.60,0.86,16.36,14.47,17.76,,,
194831,-0.13,-0.79,0.66,21.12,48.95,-16.85,,,
195424,-0.24,-0.62,0.81,-1.77,-12.08,-3.78,,,
196018,-0.04,-0.84,0.60,-32.23,8.54,-20.45,,,
196611,0.06,-0.97,0.24,-11.96,3.60,-3.72,,,
197205,0.35,-0.92,-0.10,-1.77,2.08,2.14,,,
197797,0.35,-0.92,-0.12,-0.73,-0.37,-0.61,,,
198390,0.37,-0.91,-0.12,0.24,-1.34,1.04,,,
199027,0.38,-0.92,-0.12,0.67,-0.98,0.12,,,
199619,0.37,-0.91,-0.12,0.06,-1.40,0.37,,,
200221,0.41,-0.92,-0.11,-3.91,8.54,-18.68,,,
200814,0.33,-0.94,-0.09,-12.88,6.77,-1.53,,,
201408,0.35,-0.93,-0.11,0.73,-1.65,0.79,,,
202001,0.29,-0.99,0.04,75.87,-80.75,33.02,,,
202594,0.20,-0.94,0.29,1.71,-2.14,5.25,,,
203187,0.10,-0.96,0.30,-1.89,-2.99,1.40,,,
203780,0.09,-0.97,0.29,0.00,-4.27,-1.83,,,
204373,0.02,-0.97,0.30,2.08,-4.88,5.55,,,
204966,0.02,-0.96,0.30,0.12,1.77,0.37,,,
205600,0.01,-0.95,0.33,-0.18,-1.10,0.61,,,
206193,-0.00,-0.96,0.32,2.08,4.21,-0.24,,,
206794,0.01,-0.96,0.33,1.28,0.12,0.79,,,
207387,0.11,-0.96,0.32,5.07,-15.14,2.87,,,
207980,0.05,-0.97,0.29,-0.31,-1.53,0.24,,,
208572,0.04,-0.98,0.29,0.37,-4.46,2.32,,,
209165,0.01,-1.02,0.25,-7.39,-3.36,9.52,,,
209757,-0.03,-0.82,0.40,58.84,-50.29,-12.51,,,
210352,-0.49,-0.18,0.88,-6.16,-5.92,-10.19,,,
210945,-0.35,-0.72,0.44,-63.42,66.04,75.81,,,
211539,-0.81,0.11,-0.00,-36.44,16.11,39.79,,,
212132,-1.02,-0.24,0.09,-23.80,5.00,-5.62,,,
212725,-0.95,-0.29,0.16,-3.85,10.25,4.27,,,
213371,-0.98,-0.34,0.04,-13.31,16.54,-5.49,,,
213964,-0.95,-0.29,-0.07,-0.31,-3.23,4.39,,,
214557,-0.96,-0.30,-0.06,-7.75,10.25,-0.61,,,
215150,-0.94,-0.42,-0.03,-23.74,-47.61,16.48,,,
215744,-0.93,-0.27,0.20,49.07,1.28,-14.95,,,
216336,-0.93,-0.17,0.36,-4.46,26.18,-37.17,,,
216929,-0.73,-0.45,-0.33,-3.17,50.72,31.98,,,
217523,-0.82,-0.50,-0.39,-1.59,-2.38,3.17,,,
218117,-0.58,-0.59,-0.61,-49.56,-69.89,107.06,,,
218711,-0.83,-0.37,0.55,90.45,32.59,-101.26,,,
219304,-0.80,-0.49,0.62,-22.89,10.44,10.13,,,
219948,-0.66,-0.59,0.39,-26.61,-19.96,-13.79,,,
220542,-0.75,-0.55,0.44,23.01,-15.14,-21.55,,,
221135,-0.86,-0.52,0.17,-3.30,0.37,15.81,,,
221729,-0.87,-0.49,0.15,0.73,1.40,-22.40,,,
222322,-0.90,-0.63,0.05,-14.22,34.79,-29.42,,,
222915,-0.95,-0.26,0.17,26.18,-18.19,7.32,,,
223508,-0.92,-0.28,0.35,3.91,-1.16,5.25,,,
224101,-0.90,-0.39,0.24,-8.85,-5.13,2.14,,,
224694,-0.87,-0.48,0.12,16.85,-22.34,-27.40,,,
225288,-0.63,-0.83,0.06,-1.34,1.65,-9.89,,,
225881,-0.58,-0.83,0.08,-0.85,-2.62,-4.27,,,
226483,-0.56,-0.83,0.16,0.85,-1.28,-1.22,,,
227119,-0.55,-0.83,0.18,6.90,-4.52,-0.61,,,
227713,-0.55,-0.83,0.20,-3.72,1.83,-1.22,,,
228306,-0.47,-0.87,0.05,3.42,-2.56,-2.14,,,
228899,-0.49,-0.88,0.08,-1.22,-0.06,-0.92,,,
229492,-0.48,-0.89,0.09,2.01,-6.04,1.40,,,
230085,-0.50,-0.87,0.12,-2.14,-0.55,-0.98,,,
230677,-0.08,-0.91,-0.02,11.11,33.45,-93.32,,,
231270,-0.05,-0.97,-0.08,50.72,12.21,20.39,,,
231864,-0.16,-1.01,-0.03,28.75,49.68,-32.10,,,
232458,-0.05,-0.98,-0.17,-38.02,51.94,9.83,,,
233060,0.01,-0.91,-0.36,29.48,2.20,17.15,,,
233653,-0.08,-0.90,-0.48,8.12,-21.24,-6.47,,,
234287,-0.08,-0.87,-0.47,4.46,-5.37,10.50,,,
234881,-0.11,-0.94,-0.44,10.86,33.87,-4.82,,,
235474,-0.03,-0.89,-0.46,0.37,-2.69,-0.49,,,
236068,-0.05,-0.87,-0.46,-4.21,-2.56,8.91,,,
236660,-0.13,-0.86,-0.47,0.12,-2.93,4.70,,,
237254,-0.16,-0.89,-0.40,11.66,0.92,-2.26,,,
237847,-0.11,-0.95,-0.34,6.35,-4.27,2.99,,,
238440,-0.24,-0.89,-0.29,-7.39,-6.96,-1.95,,,
239042,-0.17,-0.93,-0.32,0.85,-1.46,-0.73,,,
239635,-0.17,-0.93,-0.30,1.40,1.65,-1.89,,,
240229,-0.15,-0.94,-0.28,8.48,3.11,-3.54,,,
240822,0.10,-0.94,0.52,5.86,15.50,-74.16,,,
241457,0.13,-0.87,0.40,73.49,188.29,24.72,,,
242051,0.14,-0.99,0.15,-31.68,-33.02,8.12,,,
242643,0.06,-1.02,0.03,-1.04,3.17,4.70,,,
243237,0.01,-0.97,0.03,22.58,7.63,17.21,,,
243829,0.09,-0.46,0.73,-28.93,-131.71,-4.94,,,
244423,-0.02,-0.51,0.96,-47.06,51.09,-44.19,,,
245016,0.06,-0.54,0.75,20.51,-71.53,11.96,,,
245618,-0.07,-0.76,0.82,36.44,-13.31,10.25,,,
246212,-0.09,-0.60,0.78,50.42,0.85,-99.49,,,
246805,-0.02,-0.61,0.82,29.48,-48.40,67.63,,,
247399,0.05,-0.71,0.78,3.48,-33.14,-33.51,,,
247992,0.00,-0.58,0.88,16.05,23.62,41.32,,,
248627,0.02,-0.62,0.83,20.69,4.46,3.85,,,
249220,0.04,-0.51,0.89,-20.69,-16.05,1.22,,,
249813,0.29,-0.74,0.62,41.81,-115.78,110.11,,,
250407,0.21,-0.66,0.82,-16.30,-81.05,44.37,,,
251000,0.37,-0.71,0.63,1.16,3.85,17.64,,,
251594,0.30,-1.05,0.30,-18.92,46.08,-35.77,,,
252195,0.12,-1.05,0.30,4.39,-14.77,-4.09,,,
252788,0.14,-0.95,0.20,-4.94,10.07,-4.33,,,
253382,0.16,-0.88,0.20,61.10,23.13,-20.87,,,
253975,0.31,-0.74,0.53,6.53,70.92,-38.64,,,
254568,0.14,-0.57,0.93,28.08,7.32,30.52,,,
255161,0.22,-0.70,0.82,-46.39,10.86,-8.18,,,
255836,0.66,-0.60,0.62,-62.56,59.33,-10.19,,,
256429,0.49,-0.60,0.50,50.48,49.01,-98.08,,,
257022,0.70,0.02,0.78,-89.66,54.69,69.70,,,
257616,-0.26,-0.45,1.18,-16.97,-26.79,1.16,,,
258209,0.01,-0.59,0.86,19.04,-33.02,-24.60,,,
258812,0.11,-0.51,0.92,12.45,98.33,-43.03,,,
259405,-0.16,-0.43,0.97,-110.60,-102.48,-99.91,,,
259998,0.07,-0.68,0.50,98.45,67.63,-68.24,,,
260592,0.36,-0.74,0.58,6.23,-69.34,54.63,,,
261185,0.11,-0.76,0.69,23.93,23.99,9.64,,,
261779,0.26,-0.74,0.62,44.31,-13.79,-36.87,,,
262372,0.11,-0.69,0.64,7.39,-25.21,11.78,,,
263008,-0.00,-0.55,0.83,-40.34,-19.17,-24.35,,,
263601,0.08,-0.73,0.71,-29.11,-9.40,60.42,,,
264194,-0.00,-1.02,0.17,-95.03,-50.96,-42.85,,,
264788,0.46,-0.91,0.09,-27.71,-71.78,-9.28,,,
265390,0.10,-1.08,0.28,-13.31,-54.38,20.26,,,
265984,0.02,-0.88,0.33,-3.30,22.40,-6.65,,,
266577,0.08,-0.91,0.51,-17.76,-7.08,-2.62,,,
267169,0.03,-1.05,0.10,-3.36,-1.40,-8.06,,,
267763,0.34,-0.45,-0.74,-148.32,-240.42,113.83,,,
268357,0.82,-0.84,-0.07,48.40,62.68,22.46,,,
268951,0.57,-0.95,-0.31,-31.86,68.36,37.29,,,
269544,1.21,-0.52,0.14,329.22,-103.27,-95.21,,,
270182,-0.20,-0.15,-0.34,-195.98,-181.34,200.99,,,
270775,-0.79,-0.54,-0.25,17.33,-15.56,-14.53,,,
271369,-0.91,-0.33,-0.07,20.14,-3.54,37.35,,,
271972,-0.95,-0.36,-0.02,-91.67,34.36,-89.90,,,
272565,0.21,-1.22,-0.44,112.79,32.04,7.69,,,
273159,0.23,-0.93,-0.52,66.59,-58.23,87.46,,,
273752,-0.38,-0.83,-0.29,6.90,-51.57,73.73,,,
274345,-0.17,-0.86,0.29,9.83,-95.46,-115.60,,,
274939,-0.09,-0.53,0.90,-23.19,-6.59,-28.87,,,
275532,-0.16,-0.72,0.70,4.70,27.22,-20.94,,,
276126,-0.16,-0.73,0.70,-1.77,5.80,-1.16,,,
276718,-0.17,-0.72,0.70,-0.06,-0.67,2.01,,,
277353,-0.08,-0.74,0.70,0.31,-21.55,14.53,,,
277955,-0.07,-0.71,0.72,7.57,-1.65,-2.81,,,
278548,-0.09,-0.67,0.78,-2.56,-4.21,4.52,,,
279141,-0.07,-0.62,0.79,10.99,8.18,0.24,,,
279734,-0.22,-0.53,0.84,14.89,13.49,-3.48,,,
280328,-0.30,-0.57,0.79,-17.64,14.22,-23.93,,,
280921,-0.11,-0.81,0.53,1.83,-29.05,-62.68,,,
281514,0.09,-0.79,0.63,0.79,-14.83,-14.59,,,
282107,0.32,-0.84,0.61,34.85,-78.67,-81.60,,,
282700,-0.08,-0.68,0.77,10.13,4.64,11.05,,,
283294,0.12,-0.80,0.33,-26.31,25.63,73.36,,,
283887,-0.03,-0.85,0.58,28.20,-27.40,-15.93,,,
284533,0.07,-0.88,0.53,21.36,1.89,-7.39,,,
285125,0.02,-0.87,0.49,0.85,-0.31,1.65,,,
285718,0.03,-0.93,0.46,-23.93,-9.64,-6.77,,,
286312,-0.13,-1.02,0.28,18.43,-18.37,-18.49,,,
286905,0.07,-0.99,0.24,-6.96,9.64,-1.16,,,
287499,0.05,-1.01,0.21,-12.82,-15.99,-13.85,,,
288092,0.06,-0.98,0.15,-1.10,-0.12,0.12,,,
288685,-0.12,-0.69,0.68,135.93,32.65,63.11,,,
289278,-0.33,-0.30,0.92,-46.33,-7.93,-32.04,,,
289872,-0.33,-0.16,0.95,-7.51,0.79,-6.90,,,
290465,-0.34,-0.27,0.91,-4.64,3.11,13.12,,,
291109,-0.31,-0.51,0.84,-46.45,-9.09,-6.53,,,
291703,-0.34,-0.35,0.91,12.02,4.21,-1.53,,,
292296,-0.38,-0.28,0.92,5.86,-1.46,2.20,,,
292888,-0.33,-0.40,0.92,-26.92,9.89,12.08,,,
293482,-0.51,-0.52,0.92,-27.53,40.41,-54.57,,,
294075,-0.51,-0.40,0.82,7.32,7.57,-8.54,,,
294669,-0.70,-0.13,0.77,16.11,120.12,-47.18,,,
295262,-0.56,-0.42,0.63,85.82,-126.22,-140.20,,,
295855,-1.09,-0.23,0.11,-1.77,-9.70,20.94,,,
296448,-0.92,-0.21,0.58,-16.30,2.87,-7.93,,,
297041,-0.82,-0.12,0.58,65.73,-38.09,-28.20,,,
297644,-0.75,-0.24,0.40,-53.71,-13.55,-124.88,,,
298238,-0.44,-0.83,0.44,-7.26,0.06,-5.98,,,
298874,-0.20,-0.87,0.37,-24.23,-22.83,2.01,,,
299467,-0.17,-0.93,0.36,-7.39,5.19,-4.58,,,
300060,-0.12,-0.94,0.38,7.45,-4.09,0.06,,,
300653,-0.16,-0.55,0.80,-4.94,34.61,-46.39,,,
301246,-0.03,-0.59,0.82,-3.30,38.21,-4.27,,,
301840,-0.30,-0.82,0.89,52.06,75.81,-18.01,,,
302433,0.04,-0.80,0.70,39.31,-13.37,-15.44,,,
303027,-0.25,-0.78,0.87,47.06,-53.16,47.06,,,
303620,-0.07,-0.59,0.89,31.01,58.72,-57.01,,,
304222,-0.03,-0.60,0.84,-14.04,-11.17,-14.83,,,
304816,-0.13,-0.60,0.79,5.00,33.45,-25.70,,,
305451,-0.22,-0.69,0.65,-25.51,-10.50,-0.12,,,
306045,-0.08,-1.02,0.33,-47.61,7.57,-15.44,,,
306638,0.11,-1.00,0.11,-3.36,17.27,-10.19,,,
307230,0.09,-0.93,-0.03,12.51,0.37,12.88,,,
307824,-0.01,-1.00,0.12,0.85,0.92,4.70,,,
308416,-0.07,-0.99,0.14,-1.53,-0.92,0.67,,,
309010,-0.03,-1.02,0.19,5.49,6.47,3.97,,,
309602,-0.01,-0.99,0.20,-3.54,-1.77,-0.67,,,
310196,0.03,-1.00,0.13,0.73,-4.70,-0.12,,,
310797,0.04,-1.01,0.34,9.52,-7.02,1.22,,,
311389,0.07,-0.93,0.38,34.85,-88.81,18.01,,,
311983,0.05,-0.93,0.48,5.62,-11.72,-6.41,,,
312576,0.15,-0.85,0.49,4.76,-6.71,-4.03,,,
313213,0.16,-0.71,0.73,63.66,-32.35,24.90,,,
313806,-0.02,-0.48,0.82,-0.37,-20.14,-54.08,,,
314400,-0.04,-0.68,0.70,-19.17,27.89,-20.45,,,
314993,-0.08,-0.88,0.51,5.00,0.12,-3.11,,,
315585,-0.04,-0.88,0.56,-2.62,4.52,-0.61,,,
316179,-0.06,-0.88,0.50,-3.42,-1.40,-0.98,,,
316772,-0.01,-0.87,0.51,6.35,8.30,-11.96,,,
317374,-0.01,-0.87,0.47,1.65,-4.88,-2.14,,,
317967,-0.02,-0.89,0.51,-0.06,-11.47,7.81,,,
318559,0.02,-0.85,0.52,-0.61,-28.50,17.27,,,
319153,0.02,-0.61,0.83,18.80,-42.60,37.48,,,
319788,0.12,-0.57,0.74,23.99,-32.10,-70.62,,,
320382,0.31,-0.79,0.60,-104.86,-50.90,71.96,,,
320975,0.11,-0.43,0.81,-12.94,10.19,-8.73,,,
321568,-0.00,-0.38,0.84,-7.69,0.06,3.72,,,
322160,-0.06,-0.50,0.86,-15.14,62.44,-41.99,,,
322753,-0.06,-0.58,0.64,-1.71,-22.71,-17.94,,,
323357,0.07,-0.59,0.76,4.70,21.97,-78.55,,,
323949,0.04,-0.70,0.72,11.66,-74.58,85.27,,,
324543,0.04,-0.54,0.91,-1.65,14.59,-49.62,,,
325136,-0.04,-0.56,0.91,-30.82,4.94,-49.50,,,
325729,-0.06,-0.58,0.84,12.39,-4.46,73.73,,,
326322,-0.03,-0.75,0.72,-13.55,55.79,-66.59,,,
326915,0.11,-0.95,0.44,33.69,-25.21,5.80,,,
327552,0.10,-0.83,0.35,3.97,55.66,-28.26,,,
328144,0.02,-0.73,0.73,-25.27,32.59,9.03,,,
328737,-0.09,-0.73,0.66,-16.91,54.50,-41.14,,,
329330,-0.04,-0.80,0.64,0.79,1.83,-2.81,,,
329930,-0.04,-0.80,0.64,0.12,0.98,0.00,,,
330524,-0.12,-0.75,0.69,32.84,26.67,-12.39,,,
331117,-0.27,-0.77,0.53,-31.43,22.89,-43.58,,,
331711,-0.27,-0.61,0.83,62.62,18.25,-27.16,,,
332304,0.08,-0.76,0.88,13.49,-59.20,33.81,,,
332897,0.12,-0.54,0.87,-11.47,0.37,-2.26,,,
333489,0.11,-0.63,0.86,-5.19,11.17,-6.77,,,
334124,-0.02,-0.73,0.75,-4.03,24.84,-10.80,,,
334719,-0.02,-0.71,0.73,24.29,22.40,-22.40,,,
335311,-0.08,-0.61,0.84,5.74,-1.40,-2.26,,,
335905,-0.03,-0.63,0.83,-13.31,-26.31,19.10,,,
336506,0.02,-0.87,0.46,-24.35,13.49,-0.79,,,
337099,-0.03,-0.97,0.21,-11.11,-36.50,-4.46,,,
337693,0.19,-1.00,0.15,-7.14,34.06,-12.39,,,
338286,-0.00,-1.06,0.26,34.91,52.12,-14.89,,,
338880,0.02,-0.98,0.37,-6.96,-29.36,4.94,,,
339472,-0.01,-0.95,0.34,8.48,8.06,-15.87,,,
340066,0.05,-0.96,0.32,2.87,6.59,-2.44,,,
340658,0.05,-0.88,0.48,-6.04,-4.82,-5.80,,,
341251,0.05,-0.92,0.49,-5.25,-3.48,1.10,,,
341887,0.00,-0.86,0.51,15.69,-6.47,-15.14,,,
342480,0.05,-0.94,-0.02,-22.58,24.78,-22.34,,,
343082,0.16,-0.89,0.07,2.62,-18.43,-8.67,,,
343675,0.73,-0.17,0.26,-31.86,39.67,149.29,,,
344268,0.37,-0.79,-0.05,-130.74,-3.23,2.38,,,
344862,0.77,-0.44,0.41,2.56,103.76,-26.12,,,
345454,0.37,-0.85,0.01,-57.13,4.15,7.14,,,
346048,0.74,-0.86,0.11,31.98,-102.91,-154.60,,,
346641,0.87,-0.53,0.37,15.32,-42.91,-9.83,,,
347234,0.64,-0.44,-0.13,46.75,56.58,-63.72,,,
347826,0.95,-0.01,-0.29,-3.60,-1.10,8.24,,,
348461,0.94,-0.03,-0.29,-2.56,2.75,-15.50,,,
349055,0.95,-0.01,-0.27,-0.24,1.10,0.00,,,
349655,0.95,-0.01,-0.28,0.79,-0.49,-0.55,,,
350249,0.93,-0.05,-0.30,0.06,-3.30,2.56,,,
350841,1.00,-0.17,-0.18,-49.50,84.66,132.20,,,
351434,0.00,-0.85,0.49,56.46,-16.60,124.51,,,
352028,0.82,0.10,-0.00,112.37,-341.00,-213.56,,,
352621,0.09,-0.99,-0.05,-13.31,25.76,-7.87,,,
353215,0.16,-1.02,0.16,-6.71,-24.78,-10.13,,,
353808,0.27,-1.00,0.19,-6.23,-15.93,2.01,,,
354401,0.21,-1.00,0.31,-7.75,18.98,-9.95,,,
354994,0.16,-0.93,0.36,35.89,0.12,-11.96,,,
355586,0.08,-0.52,0.92,67.32,45.29,51.82,,,
356232,-0.16,-0.27,0.97,4.46,3.54,1.83,,,
356824,-0.27,-0.30,0.92,-6.53,13.49,-13.12,,,
357418,-0.31,-0.32,0.91,-12.63,-15.14,-10.07,,,
358011,-0.21,-0.54,0.82,-25.94,-3.72,-4.82,,,
358604,-0.35,-0.45,0.86,-0.43,-2.69,12.45,,,
359197,-0.43,-0.31,0.89,14.16,-2.38,9.83,,,
359790,-0.42,-0.23,0.91,1.22,0.37,-1.83,,,
360383,-0.41,-0.17,0.93,0.73,-0.92,-0.06,,,
360976,-0.41,-0.17,0.94,10.56,-1.65,-1.71,,,
361569,-0.41,-0.17,0.93,10.31,0.61,-2.01,,,
362162,-0.40,-0.14,0.94,-5.80,-0.92,0.24,,,
362805,-0.40,-0.14,0.94,-1.40,-0.37,0.00,,,
363399,-0.42,-0.18,0.93,-7.81,1.28,-5.37,,,
363991,-0.40,-0.22,0.93,-5.37,-3.48,-4.09,,,
364585,-0.14,-0.36,0.95,5.07,2.44,5.43,,,
365177,-0.26,-0.33,0.95,0.24,7.51,22.83,,,
365771,-0.32,-0.29,0.95,-5.62,-2.50,-11.66,,,
366364,-0.24,-0.36,0.93,-2.93,-3.05,-0.92,,,
366956,-0.17,-0.48,0.89,-6.96,-4.64,0.43,,,
367550,-0.14,-0.54,0.87,-2.69,-1.16,-0.24,,,
368142,-0.13,-0.56,0.86,-2.62,-2.08,-0.43,,,
368736,-0.12,-0.57,0.85,-0.79,-0.43,0.06,,,
369336,-0.11,-0.57,0.85,-1.16,-1.59,0.00,,,
369972,-0.10,-0.58,0.84,-0.18,0.06,0.73,,,
370565,-0.10,-0.59,0.83,-1.16,-1.22,-0.61,,,
371158,-0.09,-0.59,0.84,-0.79,-0.55,-0.61,,,
371751,-0.09,-0.60,0.83,-1.16,-1.28,-0.55,,,
372344,-0.10,-0.61,0.83,-9.77,-2.50,-2.38,,,
372936,-0.05,-0.66,0.78,-7.32,-4.58,0.06,,,
373529,-0.05,-0.67,0.78,-5.13,-3.54,-1.77,,,
374121,-0.02,-0.71,0.76,-1.65,1.77,-1.77,,,
374715,0.01,-0.66,0.77,24.84,-44.37,22.52,,,
375308,-0.32,-0.57,0.81,64.94,39.67,-4.88,,,
375910,-0.05,-0.61,0.88,26.98,31.25,-22.03,,,
376503,-0.21,-0.77,0.74,77.76,-0.18,42.97,,,
377138,0.01,-0.59,1.03,-21.73,15.93,57.01,,,
377731,-0.12,-0.73,0.67,6.35,16.24,-83.13,,,
378324,-0.05,-0.40,0.82,-24.17,-22.22,31.62,,,
378918,-0.03,-1.04,0.82,43.95,-29.85,32.71,,,
379510,-0.07,-0.50,0.83,-22.52,44.43,-69.27,,,
380103,-0.03,-0.55,0.85,-10.93,-11.47,52.49,,,
380696,-0.00,-0.65,0.83,19.90,9.28,-68.30,,,
381289,-0.05,-0.43,0.91,-113.53,8.36,51.70,,,
381882,-0.18,-0.67,0.76,-32.71,0.12,3.17,,,
382484,-0.17,-0.95,0.49,6.77,2.38,-3.72,,,
383077,-0.30,-0.73,0.63,6.84,-7.20,0.43,,,
383669,-0.21,-0.60,0.77,-0.79,13.12,3.78,,,
384305,-0.36,-0.67,0.63,6.41,7.81,-14.53,,,
384898,-0.29,-0.84,0.52,-13.92,-21.00,8.24,,,
385491,-0.19,-0.86,0.67,-6.16,-13.98,-2.14,,,
386085,-0.23,-0.82,0.65,-4.64,-6.90,3.66,,,
386677,-0.09,-0.61,0.84,-2.75,-16.24,11.90,,,
387270,-0.14,-0.48,0.88,31.49,52.19,-28.32,,,
387863,-0.05,-0.60,0.86,-16.66,-6.16,-11.11,,,
388456,-0.07,-0.63,0.81,-11.66,12.76,14.10,,,
389059,0.06,-0.56,0.91,-37.72,-17.88,0.55,,,
389652,-0.03,-0.81,0.61,-0.37,-38.51,36.13,,,
390246,0.02,-0.73,0.69,-11.78,-9.77,7.69,,,
390838,-0.25,-0.75,0.55,2.38,45.90,-20.39,,,
391485,-0.16,-0.67,0.96,32.84,-36.19,17.27,,,
392079,-0.20,-0.64,0.73,-27.40,20.94,-22.09,,,
392672,-0.16,-0.79,0.53,-16.36,-6.84,-12.02,,,
393266,-0.15,-0.88,0.50,-8.24,-8.67,2.93,,,
393859,-0.11,-0.88,0.46,-5.31,-8.00,-3.97,,,
394452,-0.09,-0.91,0.45,-3.30,-10.38,-0.43,,,
395053,-0.08,-0.90,0.44,-2.32,-6.84,-1.04,,,
395646,-0.08,-0.92,0.42,-4.09,1.16,-4.64,,,
396240,-0.11,-0.94,0.37,-3.78,3.54,-0.49,,,
396832,-0.15,-0.92,0.37,0.49,4.46,11.54,,,
397425,-0.26,-0.89,0.23,24.66,47.85,-16.78,,,
398018,-0.23,-0.87,0.44,16.54,-35.16,5.25,,,
398654,-0.15,-0.86,0.52,-5.62,-26.25,15.56,,,
399248,-0.02,-0.70,0.75,31.01,-70.98,62.93,,,
399841,-0.18,-0.53,0.82,-25.33,-31.49,-37.17,,,
400435,-0.14,-0.41,0.81,-65.00,3.11,-29.48,,,
401028,-0.18,-0.40,0.92,-26.86,54.02,-18.43,,,
401631,-0.37,-0.57,0.86,77.45,-15.01,31.62,,,
402224,-0.15,-0.51,0.93,72.20,-22.34,2.08,,,
402817,-0.26,-0.38,0.79,3.85,-31.49,-7.87,,,
403411,-0.23,-0.43,0.93,-32.96,-8.18,-42.05,,,
404004,-0.35,-1.02,0.78,-3.78,13.06,8.73,,,
404598,-0.14,-0.52,0.93,48.22,-3.54,-14.28,,,
405190,-0.19,-0.44,0.90,7.87,10.62,-1.46,,,
405825,-0.23,-0.53,0.89,7.75,2.99,-51.94,,,
406418,-0.16,-0.52,0.83,13.49,11.29,18.86,,,
407011,-0.13,-0.49,0.93,-17.46,-1.40,-40.22,,,
407605,-0.17,-0.44,0.88,13.37,5.55,1.71,,,
408206,-0.13,-0.46,0.86,-71.72,16.72,-32.47,,,
408800,-0.14,-0.49,0.93,1.16,-3.36,1.95,,,
409392,-0.11,-0.67,0.83,-72.08,-7.45,7.32,,,
409985,-0.09,-0.67,0.67,73.55,-29.11,21.73,,,
410579,-0.13,-0.32,0.88,-3.30,1.65,-4.39,,,
411172,-0.22,-0.38,0.99,37.29,13.73,6.10,,,
411765,-0.16,-0.50,1.16,-14.71,24.35,-33.57,,,
412359,-0.12,-0.59,0.91,7.75,5.74,-24.60,,,
412995,-0.16,-0.53,0.99,-15.08,-1.10,-1.34,,,
413588,0.05,-0.65,0.69,-45.78,-61.22,-37.60,,,
414181,0.07,-0.85,0.47,12.82,-15.63,8.18,,,
414783,-0.02,-0.73,0.66,-0.31,10.31,-9.40,,,
415376,-0.05,-0.87,0.68,-13.18,8.61,-6.23,,,
415969,-0.07,-0.87,0.55,-1.83,-0.73,0.49,,,
416562,-0.06,-0.91,0.59,-15.69,-41.75,-34.97,,,
417156,0.71,-0.50,0.67,16.05,-56.70,6.29,,,
417749,0.61,-0.33,0.50,5.55,3.97,25.15,,,
418341,0.78,-0.34,0.60,66.96,65.37,69.58,,,
418934,0.83,-0.43,0.39,82.52,-28.14,26.37,,,
419527,0.77,-0.97,0.18,-13.37,-85.21,0.73,,,
420162,0.81,-0.55,0.25,-31.62,27.16,25.76,,,
420755,0.62,-0.47,-0.11,31.25,67.32,-39.00,,,
421382,1.04,-0.31,-0.10,30.70,-13.85,9.22,,,
421983,0.62,-0.58,-0.26,3.17,115.05,36.56,,,
422584,0.65,-0.57,-0.48,54.63,66.77,136.66,,,
423185,0.74,-0.63,-0.05,-100.77,7.45,31.19,,,
423786,0.75,-0.81,-0.07,-24.60,-13.79,-0.43,,,
424386,1.13,-0.79,0.08,69.95,-116.27,-118.53,,,
424988,0.18,-0.25,-0.03,89.05,-63.66,-46.20,,,
425589,0.16,-0.90,-0.46,-47.55,1.77,-0.06,,,
426190,0.49,-1.09,0.60,183.90,0.73,28.02,,,
426834,-0.23,-0.66,0.91,31.25,52.31,30.64,,,
427435,-0.35,-0.39,0.94,-33.33,99.91,-143.31,,,
428046,-0.28,-0.50,0.77,38.57,-10.44,28.69,,,
428646,-0.37,-0.41,1.03,241.76,99.98,-40.16,,,
429249,-0.10,-0.59,0.80,41.50,18.31,-28.56,,,
429849,0.13,-0.71,0.71,-60.85,-11.78,-2.56,,,
430450,0.06,-0.92,0.35,-10.13,10.38,-8.24,,,
431050,0.04,-0.87,0.44,48.71,-6.53,22.58,,,
431651,0.08,-0.92,0.18,-4.46,-26.98,-3.60,,,
432253,-0.03,-1.07,-0.17,-12.63,-116.46,-6.47,,,
432854,-0.63,-1.04,0.88,178.41,77.15,244.38,,,
433456,-0.07,-0.55,0.77,-18.01,-32.90,117.86,,,
434109,-0.01,-0.81,0.74,35.58,19.59,-2.93,,,
434710,-0.27,-0.60,0.87,1.28,-14.40,-5.37,,,
435311,-0.23,-0.52,0.94,-14.22,23.19,-41.87,,,
435912,-0.08,-0.63,0.88,-31.13,-20.20,21.30,,,
436514,-0.03,-0.63,0.76,1.16,-21.36,31.19,,,
437115,0.01,-0.61,0.86,-30.52,-9.16,-36.38,,,
437716,-0.05,-0.82,0.61,-14.65,8.24,-4.52,,,
438317,-0.04,-0.91,0.50,9.28,-21.18,7.93,,,
438917,0.04,-0.86,0.57,10.31,7.14,1.46,,,
439519,0.01,-0.82,0.63,26.43,15.87,-8.85,,,
440119,-0.02,-0.76,0.67,-7.08,-33.26,16.05,,,
440771,0.01,-0.77,0.64,2.69,0.85,-3.66,,,
441372,0.04,-0.81,0.65,-4.39,9.34,-8.85,,,
441972,0.07,-0.87,0.45,-36.68,12.63,-16.72,,,
442574,0.10,-0.87,0.47,2.08,8.00,-6.77,,,
443174,0.14,-0.82,0.58,-2.87,32.90,-18.92,,,
443775,-0.18,-0.49,0.67,-11.90,-5.49,48.16,,,
444376,-0.21,-0.75,0.61,-13.85,16.54,19.90,,,
444977,-0.12,-0.80,0.61,22.09,-5.98,-15.75,,,
445578,0.04,-0.87,0.41,-13.61,-24.41,-9.52,,,
446179,0.02,-0.90,0.49,7.39,-20.75,16.36,,,
446781,0.10,-0.77,0.62,3.60,-20.26,-6.16,,,
447390,0.10,-0.81,0.59,-0.92,3.23,-5.55,,,
448034,0.10,-0.86,0.54,1.22,-4.27,0.79,,,
448635,0.01,-0.71,0.50,45.84,-9.16,12.82,,,
449235,0.08,-0.73,0.76,-1.77,4.46,5.49,,,
449837,0.15,-0.70,0.96,19.84,41.02,-3.85,,,
450437,-0.08,-0.44,0.83,13.31,11.54,-5.43,,,
451038,-0.15,-0.61,0.82,-40.95,-42.91,-35.34,,,
451640,-0.14,-0.77,0.55,-19.53,9.64,-7.39,,,
452240,-0.05,-0.89,0.53,-2.62,4.27,-1.95,,,
452842,-0.19,-0.91,0.42,5.68,-3.91,-0.55,,,
453442,-0.10,-0.87,0.58,-1.83,-86.30,18.43,,,
454052,0.05,-0.89,0.49,0.55,-4.21,0.12,,,
454652,0.07,-0.89,0.50,0.06,-2.32,-3.48,,,
455295,0.07,-0.88,0.50,-2.75,1.34,-2.08,,,
455896,0.06,-0.88,0.51,-0.92,0.37,0.31,,,
456496,0.02,-0.87,0.54,0.18,-0.31,-0.12,,,
457097,0.03,-0.86,0.54,-2.08,-0.85,0.49,,,
457697,0.04,-0.84,0.54,2.08,-5.43,4.15,,,
458297,0.02,-0.82,0.60,17.88,-7.63,1.40,,,
458898,-0.16,-0.54,0.81,47.36,3.23,2.56,,,
459498,-0.04,-0.34,1.02,6.41,-7.14,11.23,,,
460099,-0.11,-0.34,0.94,24.48,13.06,-12.02,,,
460709,-0.17,-0.27,0.97,-37.41,-16.97,-47.67,,,
461310,-0.10,-0.33,1.00,10.86,-12.51,11.84,,,
461911,-0.07,-0.39,1.04,-68.48,-23.44,76.35,,,
462556,-0.05,-0.43,0.87,9.46,0.85,10.50,,,
463157,-0.09,-0.36,0.87,-3.36,-0.67,-26.31,,,
463758,-0.03,-0.42,0.90,-12.94,12.88,10.74,,,
464359,-0.15,-0.44,0.92,3.23,0.24,5.62,,,
464959,-0.08,-0.44,0.93,-22.95,-10.80,31.92,,,
465560,0.21,-0.67,0.77,-6.35,-39.86,16.24,,,
466162,0.21,-0.82,0.55,-5.98,-15.08,2.75,,,
466762,0.22,-0.89,0.43,1.95,20.02,-1.59,,,
467371,0.25,-0.89,0.39,-0.31,-1.28,-1.53,,,
467972,0.27,-0.92,0.39,-20.45,20.14,-10.56,,,
468572,0.25,-0.94,0.31,-6.77,3.91,4.70,,,
469216,0.23,-0.96,0.25,4.52,1.59,-0.49,,,
469817,0.16,-0.94,0.39,0.92,12.51,-2.08,,,
470418,0.13,-0.90,0.50,3.30,19.53,-8.79,,,
471018,0.00,-0.78,0.70,1.46,10.68,-2.32,,,
471618,-0.02,-0.76,0.67,5.43,1.89,0.85,,,
472220,-0.07,-0.73,0.73,4.82,-4.46,-0.92,,,
472820,-0.08,-0.71,0.76,7.39,-13.37,-4.33,,,
473421,-0.21,-0.56,0.77,-5.68,11.29,-29.17,,,
474030,-0.32,-0.51,0.85,-25.82,-0.12,-56.70,,,
474631,-0.27,-0.58,0.81,4.46,22.83,-22.58,,,
475232,-0.42,-0.53,0.68,7.69,34.48,-45.78,,,
475832,-0.19,-0.70,0.63,1.10,39.06,-99.79,,,
476478,-0.18,-0.53,1.00,17.58,-1.10,9.46,,,
477078,-0.02,-0.37,0.92,87.65,-2.26,-30.70,,,
477679,-0.20,-0.35,0.93,42.79,-16.85,13.85,,,
478279,-0.15,-0.27,1.03,0.49,11.23,-8.85,,,
478880,-0.18,-0.20,0.95,25.09,-144.53,99.43,,,
479482,-0.13,-0.03,0.97,1.28,-4.58,3.36,,,
480082,-0.23,-0.46,0.77,10.62,64.33,-120.36,,,
480693,-0.40,-0.53,0.83,14.22,19.17,7.69,,,
481293,-0.09,-0.53,0.83,3.42,-8.18,2.69,,,
481894,-0.17,-0.64,0.73,33.81,-0.49,29.48,,,
482496,0.16,-0.48,0.99,74.16,-27.47,-1.71,,,
483096,-0.11,-0.56,0.78,58.17,-14.16,8.06,,,
483739,-0.11,-0.58,0.78,-28.56,9.40,-28.26,,,
484340,-0.01,-0.60,0.76,-17.58,-58.29,63.84,,,
484941,-0.08,-0.72,0.75,-11.11,-14.59,6.90,,,
485542,-0.06,-0.75,0.69,-5.00,-1.04,0.06,,,
486143,0.03,-0.71,0.70,7.51,-19.96,9.52,,,
486744,0.07,-0.70,0.73,-1.53,0.43,-4.21,,,
487353,-0.04,-0.73,0.74,-15.26,87.52,-82.70,,,
487954,0.05,-0.85,0.59,1.71,13.06,-6.84,,,
488554,-0.08,-0.85,0.97,27.22,45.65,-2.26,,,
489155,-0.24,-1.11,0.22,-21.00,28.69,22.58,,,
489757,-0.17,-0.82,0.50,28.63,-45.41,3.60,,,
490357,-0.16,-0.61,0.76,-60.67,102.60,-9.70,,,
491003,-0.23,-0.69,0.66,-4.21,-65.67,66.47,,,
491603,-0.04,-0.53,0.86,-52.73,-12.82,13.43,,,
492204,-0.03,-0.53,0.77,-68.79,-18.98,60.67,,,
492806,-0.05,-0.42,0.87,-33.33,-26.86,18.43,,,
493407,-0.08,-0.66,0.65,-155.15,-50.66,29.72,,,
494018,-0.12,-0.61,0.73,-39.92,17.82,-26.98,,,
494619,-0.22,-0.63,0.81,2.93,-21.73,73.91,,,
495219,-0.01,-0.67,0.81,46.26,21.30,-98.14,,,
495821,-0.18,-0.47,0.88,-205.38,-5.00,53.22,,,
496422,-0.08,-0.44,1.08,38.94,77.45,-73.79,,,
497023,0.08,-0.80,0.79,44.98,-5.92,4.58,,,
497666,0.24,-0.58,0.77,13.98,-65.12,21.36,,,
498267,0.53,-0.74,0.22,-13.43,134.34,71.53,,,
498868,0.36,-0.93,-0.21,-17.03,0.12,-30.03,,,
499468,0.48,-0.90,-0.35,-68.97,-18.25,-42.91,,,
500071,0.43,-0.50,-0.38,12.02,-31.49,-13.49,,,
500680,0.70,-0.52,-0.54,28.26,-2.50,10.93,,,
501281,0.69,-0.52,-0.68,-12.33,-4.64,9.40,,,
501881,0.59,-0.56,-0.39,-3.60,4.58,-10.68,,,
502482,0.64,-0.60,-0.53,-7.51,-17.46,17.15,,,
503083,0.42,-0.62,-0.56,15.93,-5.13,-6.41,,,
