Time,AccelX,AccelY,AccelZ,GyroX,GyroY,GyroZ,MagX,MagY,MagZ
28,-0.52,-0.74,0.54,40.83,-42.48,37.90,,,
663,-0.03,-0.28,0.97,-3.66,106.93,192.32,,,
1257,-0.21,-0.48,0.66,4.21,43.46,-38.39,,,
1850,-0.35,-0.53,0.73,48.65,25.39,-69.27,,,
2442,-0.42,-0.68,0.72,-15.99,-8.42,-1.59,,,
3035,-0.57,-0.72,0.77,-23.44,140.01,-91.00,,,
3628,-0.63,-0.93,0.21,-3.48,-36.50,38.82,,,
4221,-0.56,-0.64,0.70,10.31,-31.49,3.54,,,
4814,-0.24,-0.59,0.84,9.22,-30.03,12.88,,,
5407,-0.56,-0.43,0.75,-3.54,-33.87,-51.27,,,
6009,-0.24,-0.46,0.82,-76.84,-181.58,118.47,,,
6602,0.20,-0.57,0.78,-38.15,0.06,62.26,,,
7194,-0.27,-0.64,0.70,-59.51,-11.11,-6.77,,,
7832,-0.10,-0.64,0.82,-15.44,-31.31,19.96,,,
8425,-0.08,-1.03,0.70,85.82,206.24,43.64,,,
9018,-0.24,-0.77,0.59,13.55,-6.41,1.34,,,
9611,-0.31,-0.58,0.83,40.10,28.93,-20.14,,,
10203,-0.08,-0.58,0.83,-43.58,-66.41,75.56,,,
10797,-0.12,-0.49,0.98,6.84,-44.01,9.03,,,
11390,-0.28,-0.35,0.90,-1.10,8.48,5.31,,,
11983,-0.20,-0.40,0.96,0.43,-18.86,0.55,,,
12576,-0.11,-0.39,0.93,-10.80,6.16,0.18,,,
13179,-0.08,-0.44,0.90,-1.59,19.04,18.74,,,
13772,-0.01,-0.49,0.92,-8.36,14.53,21.91,,,
14419,-0.09,-0.64,0.80,-131.29,25.15,-29.11,,,
15013,-0.10,-0.86,0.49,-15.69,-2.32,-7.81,,,
15607,-0.06,-0.85,0.45,-4.58,-40.47,-6.23,,,
16201,-0.14,-0.79,0.55,25.21,76.97,-8.97,,,
16794,-0.21,-0.50,0.91,-11.60,15.69,10.86,,,
17387,-0.16,-0.53,0.90,-5.19,-21.48,-2.44,,,
17980,-0.12,-0.57,0.94,7.75,4.39,3.72,,,
18573,-0.19,-0.50,0.79,22.46,-20.63,-11.84,,,
19167,-0.09,-0.60,0.85,-0.73,6.47,13.61,,,
19769,-0.16,-0.72,0.74,-56.09,-23.25,-19.17,,,
20363,-0.10,-0.95,0.39,5.74,2.20,0.24,,,
20955,-0.15,-0.98,0.33,-3.05,-2.75,-1.77,,,
21591,-0.21,-0.76,0.48,36.74,12.33,21.30,,,
22185,-0.23,-0.49,0.80,2.14,-24.17,-0.67,,,
22778,-0.20,-0.53,0.84,-2.26,19.71,1.65,,,
23372,-0.07,-0.51,0.93,3.72,1.04,1.89,,,
23964,-0.17,-0.51,0.88,26.43,-11.54,-13.06,,,
24558,-0.06,-0.46,0.93,14.77,-58.96,-23.56,,,
25151,-0.18,-0.55,0.83,-8.97,31.92,-4.64,,,
25744,-0.26,-0.59,0.88,24.17,-18.74,11.66,,,
26347,-0.14,-0.55,0.87,-7.20,-0.55,-4.46,,,
26940,-0.12,-0.58,0.83,-9.83,21.61,11.72,,,
27534,-0.14,-0.59,0.85,1.77,8.79,7.63,,,
28127,-0.20,-0.59,0.81,-27.65,5.92,-0.06,,,
28763,-0.21,-0.74,0.70,-16.85,43.58,-17.46,,,
29357,-0.14,-0.88,0.44,6.10,11.78,-0.61,,,
29950,-0.16,-0.90,0.41,3.60,-5.25,1.28,,,
30543,-0.18,-0.94,0.37,-30.82,-51.45,22.22,,,
31137,-0.14,-0.91,0.36,17.21,-76.17,35.52,,,
31731,-0.01,-0.49,0.79,-3.97,-56.21,108.52,,,
32324,-0.16,-0.52,0.91,-13.18,0.61,-71.35,,,
32926,-0.22,-0.60,0.81,-23.44,-6.10,22.22,,,
33520,-0.18,-0.55,0.78,-8.79,-26.25,5.43,,,
34113,-0.10,-0.63,0.79,-129.09,-12.88,39.37,,,
34708,-0.15,-0.38,0.81,-35.83,11.78,-40.28,,,
35301,-0.50,-0.49,0.78,-20.51,-40.83,89.54,,,
35938,-0.13,-0.57,0.85,-13.61,23.80,-19.17,,,
36532,-0.12,-0.50,0.88,-6.77,49.80,-23.80,,,
37125,-0.27,-0.53,0.88,-1.46,25.94,-49.62,,,
37719,-0.13,-0.50,0.86,15.44,-55.97,35.95,,,
38312,-0.22,-0.63,0.71,-30.64,-13.98,15.44,,,
38905,-0.25,-0.55,0.88,-6.65,4.21,0.85,,,
39507,-0.28,-0.65,0.72,26.49,18.55,-24.96,,,
40100,-0.33,-0.38,0.89,-2.62,10.80,-37.41,,,
40694,-0.20,-0.53,0.88,-27.71,33.45,-29.11,,,
41287,-0.10,-0.86,0.61,-16.72,-29.05,-12.63,,,
41882,-0.25,-0.81,0.56,-11.84,125.06,15.26,,,
42518,-0.28,-0.88,0.40,2.56,-4.70,-3.72,,,
43110,-0.10,-0.88,0.54,-10.19,-122.25,18.07,,,
43704,0.10,-0.84,0.41,-13.85,-60.73,23.07,,,
44297,-0.05,-0.90,0.48,-7.39,-33.51,14.28,,,
44891,0.00,-0.92,0.37,-2.50,1.95,-3.54,,,
45484,-0.10,-0.83,0.44,46.26,53.28,-13.43,,,
46070,-0.16,-0.83,0.58,4.70,3.72,-4.46,,,
46663,-0.14,-0.82,0.60,-4.27,18.13,-17.21,,,
47256,-0.21,-0.76,0.63,49.32,81.30,2.26,,,
47850,-0.38,-0.56,0.77,32.59,39.12,-38.21,,,
48443,-0.26,-0.62,0.81,-5.49,-1.95,-22.46,,,
49037,-0.31,-0.70,0.67,-2.01,-1.04,-1.10,,,
49629,-0.28,-0.72,0.67,-0.67,1.28,0.61,,,
50265,-0.29,-0.72,0.63,3.23,-4.64,3.66,,,
50858,-0.38,-0.60,0.81,63.35,12.63,-17.40,,,
51451,-0.21,-0.62,0.87,-3.36,-4.82,3.54,,,
52044,-0.14,-0.53,0.69,51.21,-4.70,-54.99,,,
52646,-0.23,-0.63,0.82,-130.13,7.45,105.59,,,
53240,-0.24,-0.47,0.83,-71.96,-50.66,16.11,,,
53833,0.02,-0.41,0.83,-33.63,-43.27,52.55,,,
54426,-0.21,-0.65,0.81,21.36,-10.62,-38.39,,,
55021,-0.09,-0.75,0.69,-87.04,-67.57,125.12,,,
55614,-0.20,-0.58,0.78,-27.40,-15.14,15.81,,,
56208,-0.40,-0.33,0.84,-6.10,-6.23,0.67,,,
56843,-0.36,-0.39,0.87,-10.50,18.01,17.15,,,
57437,-0.40,-0.52,0.95,25.70,-2.44,10.50,,,
58030,-0.38,-0.35,0.98,6.41,9.34,21.48,,,
58623,-0.58,-0.14,0.72,18.07,86.67,-14.28,,,
59226,-0.55,-0.37,0.73,4.21,2.56,-54.99,,,
59818,-0.51,-0.26,0.65,-6.04,-19.10,-8.54,,,
60412,-0.48,-0.53,0.77,-14.53,-0.43,33.02,,,
61005,-0.45,-0.48,0.79,0.37,-14.71,-18.62,,,
61598,-0.53,-0.38,0.65,-0.92,-6.41,-6.53,,,
62192,-0.52,-0.58,0.83,-7.14,5.00,9.34,,,
62784,-0.54,-0.48,0.79,-3.72,-42.66,-63.48,,,
63378,-0.53,-0.49,0.75,-4.27,1.34,12.08,,,
64014,-0.61,-0.36,0.68,-1.71,-2.08,-3.30,,,
64607,-0.66,-0.43,0.65,0.43,2.99,0.24,,,
65200,-0.72,-0.42,0.65,4.33,3.97,-3.30,,,
65801,-0.61,-0.43,0.68,-1.04,-11.90,-12.76,,,
66395,-0.51,-0.47,0.76,3.23,4.76,-2.87,,,
66988,-0.41,-0.46,0.72,-4.52,-24.05,-36.62,,,
67582,-0.35,-0.50,0.80,-4.21,-0.55,9.64,,,
68174,-0.41,-0.51,0.78,-2.99,4.64,6.10,,,
68767,-0.45,-0.49,0.73,-3.60,-21.91,-0.67,,,
69360,-0.42,-0.49,0.80,-0.55,-1.95,3.30,,,
69953,-0.37,-0.53,0.80,-2.14,-1.71,2.26,,,
70546,-0.38,-0.49,0.76,3.85,17.40,30.09,,,
71182,-0.43,-0.50,0.78,-4.82,-2.01,4.58,,,
71775,-0.40,-0.50,0.79,-0.12,3.36,0.18,,,
72377,-0.34,-0.51,0.80,-1.28,-10.07,-6.59,,,
72970,-0.34,-0.46,0.77,-0.67,-0.79,-13.06,,,
73564,-0.34,-0.53,0.81,1.53,-1.46,-3.17,,,
74156,-0.35,-0.62,0.85,2.26,-0.92,-13.24,,,
74750,-0.33,-0.55,0.82,-0.43,-0.37,-0.85,,,
75343,-0.30,-0.56,0.81,10.86,6.04,17.52,,,
75936,-0.34,-0.55,0.81,-2.26,-4.15,-2.01,,,
76529,-0.28,-0.54,0.83,3.36,10.56,11.78,,,
77121,-0.32,-0.57,0.81,4.82,-0.12,2.75,,,
77715,-0.37,-0.48,0.79,0.06,0.37,2.75,,,
78351,-0.37,-0.53,0.82,1.40,3.66,8.18,,,
78953,-0.27,-0.53,0.80,-6.77,-4.46,-7.02,,,
79546,-0.26,-0.52,0.82,-4.76,-5.68,8.97,,,
80138,-0.33,-0.50,0.80,-6.47,-4.09,-8.42,,,
80732,-0.33,-0.53,0.79,3.85,12.94,30.58,,,
81325,-0.32,-0.53,0.79,-5.43,-2.14,-7.20,,,
81919,-0.30,-0.53,0.79,-0.24,6.29,16.42,,,
82512,-0.29,-0.55,0.80,-0.37,-4.52,0.31,,,
83105,-0.29,-0.55,0.79,2.14,-1.65,0.43,,,
83698,-0.37,-0.56,0.76,5.13,5.55,0.37,,,
84290,-0.34,-0.62,0.73,-7.81,15.20,10.01,,,
84926,-0.31,-0.56,0.79,36.99,-5.37,-17.15,,,
85519,-0.33,-0.57,0.95,5.19,16.42,10.93,,,
86121,-0.42,-0.52,0.75,0.73,3.66,2.20,,,
86714,-0.50,-0.54,0.82,-2.01,9.09,12.63,,,
87306,-0.44,-0.54,0.72,-8.67,-5.07,-1.10,,,
87900,-0.49,-0.61,0.68,-9.52,3.78,-11.05,,,
88492,-0.52,-0.50,0.71,-2.14,-4.88,28.69,,,
89086,-0.52,-0.60,0.63,3.97,0.61,-0.61,,,
89679,-0.53,-0.57,0.74,0.67,-2.56,10.01,,,
90272,-0.14,-0.57,0.79,-8.36,-32.84,-14.65,,,
90865,-0.09,-0.70,0.95,14.53,26.37,34.24,,,
91458,-0.14,-0.53,0.84,0.37,-8.54,-0.37,,,
92095,-0.17,-0.42,0.86,7.20,-15.44,12.33,,,
92697,-0.23,-0.53,0.84,43.21,13.31,3.72,,,
93291,-0.25,-0.44,0.89,-7.32,-1.65,-3.72,,,
93883,-0.26,-0.48,0.95,-0.73,-7.02,-21.30,,,
94476,-0.18,-0.52,0.87,-7.08,-14.34,11.78,,,
95069,-0.27,-0.49,0.85,3.66,17.21,25.39,,,
95662,-0.29,-0.44,0.89,4.52,11.17,18.19,,,
96256,-0.32,-0.45,0.85,-5.55,6.77,-10.31,,,
96848,-0.31,-0.57,0.84,4.27,-12.82,0.24,,,
97442,-0.29,-0.55,0.83,-16.30,3.17,1.89,,,
98034,-0.36,-0.79,0.64,1.22,16.42,-25.57,,,
98627,-0.29,-0.82,0.38,-35.46,65.19,-52.61,,,
99273,-0.27,-0.96,0.19,-1.28,1.95,1.22,,,
99866,-0.23,-0.94,0.24,-18.62,-150.15,12.51,,,
100460,-0.21,-0.95,0.18,-11.11,-56.52,9.77,,,
101053,-0.24,-0.93,0.30,8.42,-10.62,-1.53,,,
101646,-0.22,-0.95,0.29,1.89,-1.34,-0.98,,,
102238,-0.21,-0.94,0.32,1.71,-1.71,1.10,,,
102831,-0.22,-0.94,0.32,1.16,5.49,0.37,,,
103425,-0.21,-0.94,0.35,13.55,19.78,-3.72,,,
104018,-0.40,-0.64,0.79,17.40,-5.86,-4.03,,,
104612,-0.18,-0.57,0.87,2.32,-26.98,-28.20,,,
105205,-0.11,-0.58,0.85,3.78,-0.67,-3.23,,,
105850,-0.09,-0.57,0.84,-1.83,13.55,0.55,,,
106444,-0.07,-0.52,0.84,0.79,-0.37,2.44,,,
107037,-0.16,-0.60,0.89,-11.60,22.64,5.62,,,
107631,0.01,-0.59,0.91,4.46,-17.46,-35.95,,,
108224,-0.04,-0.57,0.82,3.66,-20.87,-6.10,,,
108818,-0.01,-0.56,0.87,0.98,5.98,13.24,,,
109411,-0.01,-0.52,0.86,-3.30,-6.71,-5.86,,,
110004,-0.08,-0.58,0.93,3.97,55.05,91.49,,,
110597,-0.29,-0.53,0.83,-2.38,-2.75,0.00,,,
111190,-0.30,-0.52,0.81,0.49,-7.87,-2.44,,,
111784,-0.22,-0.48,0.82,1.95,11.78,-8.12,,,
112385,-0.06,-0.60,0.86,4.39,-3.23,-3.66,,,
113021,-0.11,-0.54,0.82,-2.44,3.72,4.52,,,
113615,-0.10,-0.60,0.85,-1.53,11.35,2.14,,,
114208,-0.02,-0.55,0.93,-9.03,-6.96,-8.24,,,
114802,-0.08,-0.55,0.81,-2.87,6.96,6.35,,,
115395,-0.03,-0.55,0.85,0.55,-8.18,-9.28,,,
115988,0.02,-0.58,0.85,4.27,1.53,2.14,,,
116580,0.02,-0.57,0.88,-7.75,-7.63,-1.34,,,
117173,-0.01,-0.59,0.83,-2.01,-0.18,-2.01,,,
117767,-0.05,-0.52,0.77,7.26,-36.62,-36.25,,,
118360,0.02,-0.54,0.87,-0.18,3.72,11.29,,,
118963,-0.01,-0.59,0.85,0.67,0.49,-4.88,,,
119555,-0.05,-0.57,0.86,-2.08,6.29,-8.12,,,
120192,-0.07,-0.34,0.86,-3.42,-33.87,4.88,,,
120786,-0.08,-0.56,0.85,1.34,0.37,-6.84,,,
121378,0.01,-0.70,0.87,2.69,7.75,-8.06,,,
121972,-0.03,-0.58,0.84,0.00,-5.00,0.61,,,
122564,-0.03,-0.59,0.85,1.40,1.77,1.71,,,
123158,-0.08,-0.58,0.85,-0.85,7.87,7.81,,,
123750,-0.26,-0.74,0.65,-23.01,11.41,-6.23,,,
124344,-0.24,-0.85,0.51,-19.17,4.88,-29.24,,,
124938,-0.18,-0.95,0.34,-7.26,13.73,-3.60,,,
125531,-0.19,-0.93,0.38,1.89,1.04,1.04,,,
126134,-0.22,-0.78,0.49,74.65,-33.63,64.82,,,
126769,-0.04,-0.64,0.88,1.71,-7.87,2.14,,,
127362,0.04,-0.66,0.85,6.96,-2.87,4.03,,,
127955,0.06,-0.58,0.85,4.52,-34.18,-6.04,,,
128548,-0.05,-0.51,0.81,2.81,16.54,21.24,,,
129143,-0.01,-0.52,0.84,-2.56,-19.53,-31.13,,,
129736,-0.01,-0.53,0.82,-0.79,3.23,-1.10,,,
130330,-0.01,-0.59,0.84,-1.46,-24.78,-27.89,,,
130924,-0.04,-0.53,0.84,-4.82,19.96,12.51,,,
131517,0.02,-0.69,0.93,1.65,4.58,4.82,,,
132110,-0.08,-0.57,0.86,1.16,5.43,-2.50,,,
132712,-0.06,-0.61,0.89,1.16,18.25,22.34,,,
133306,-0.04,-0.56,0.84,-3.54,-5.68,-12.94,,,
133943,-0.05,-0.58,0.87,-4.70,22.58,2.93,,,
134537,0.01,-0.53,0.82,5.98,7.14,17.33,,,
135130,-0.07,-0.57,0.83,-0.85,9.09,1.89,,,
135722,-0.08,-0.57,0.89,-1.65,-6.16,7.02,,,
136316,-0.13,-0.56,0.80,-4.76,14.34,-1.34,,,
136910,-0.17,-0.61,0.84,-9.58,-13.85,40.41,,,
137504,-0.13,-0.60,0.71,16.60,-10.25,-21.12,,,
138097,-0.22,-0.64,0.78,-5.86,-8.85,2.32,,,
138690,-0.19,-0.77,0.70,-35.10,-4.03,-8.73,,,
139293,-0.11,-0.94,0.34,-19.96,-1.34,-2.81,,,
139887,-0.12,-0.93,0.36,-3.60,1.83,-0.43,,,
140481,-0.12,-0.96,0.34,-1.65,2.56,-3.85,,,
141115,-0.11,-0.96,0.34,-1.77,-1.77,-0.67,,,
141708,-0.11,-0.96,0.31,0.73,-0.37,-0.92,,,
142301,-0.14,-0.96,0.39,0.31,-58.47,14.59,,,
142894,-0.09,-0.94,0.38,2.62,-7.39,7.45,,,
143488,-0.12,-0.93,0.39,-1.71,-8.36,3.17,,,
144081,-0.11,-0.94,0.37,-1.71,-3.85,0.12,,,
144675,-0.11,-0.93,0.38,-2.20,-1.34,-0.37,,,
145268,-0.10,-0.94,0.36,-0.98,-5.98,2.20,,,
145869,-0.08,-0.94,0.37,1.59,0.00,-1.59,,,
146462,-0.08,-0.94,0.38,-0.31,-1.40,-0.12,,,
147055,-0.06,-0.94,0.38,1.22,0.00,-1.28,,,
147649,-0.06,-0.93,0.39,2.01,-0.37,0.61,,,
148285,0.14,-0.76,0.46,-25.76,-78.43,100.52,,,
148878,-0.26,-0.63,0.74,-29.48,-13.31,2.50,,,
149471,-0.23,-0.65,0.74,-3.72,-11.11,-15.63,,,
150064,-0.25,-0.74,0.66,-7.69,-15.87,15.63,,,
150659,-0.23,-0.84,0.50,11.78,-68.05,37.78,,,
151252,-0.21,-0.53,0.80,-11.35,18.55,-22.77,,,
151846,-0.30,-0.50,0.71,-18.25,-38.21,-3.48,,,
152448,-0.11,-0.63,0.99,33.33,-10.38,-0.67,,,
153041,-0.06,-0.66,0.63,-20.94,-23.19,33.33,,,
153635,-0.05,-0.60,1.05,2.01,-34.55,34.06,,,
154228,-0.21,-0.55,0.79,-41.44,-12.15,14.04,,,
154866,-0.22,-0.48,1.03,-22.16,24.78,-6.16,,,
155460,-0.44,-0.61,0.84,34.79,-50.90,42.24,,,
156054,-0.37,-0.58,0.81,12.08,4.21,-58.17,,,
156647,-0.39,-0.55,0.90,15.50,23.32,-8.18,,,
157240,-0.26,-0.53,0.96,53.22,-1.34,-1.83,,,
157834,-0.16,-0.41,0.83,-45.84,13.55,32.47,,,
158436,-0.23,-0.28,0.94,-4.52,3.48,-31.37,,,
159030,-0.22,-0.44,0.85,2.44,21.55,-0.24,,,
159623,-0.31,-0.43,0.79,32.53,9.70,1.34,,,
160217,-0.23,-0.40,0.87,-8.48,9.16,-61.58,,,
160810,-0.24,-0.38,0.92,13.12,3.85,24.41,,,
161403,-0.34,-0.39,0.93,-13.55,8.00,11.90,,,
162082,-0.26,-0.38,0.76,29.66,-23.86,7.20,,,
162675,-0.22,-0.36,0.90,-5.68,-11.47,20.08,,,
163269,-0.25,-0.29,0.96,-4.94,23.86,-10.93,,,
163862,-0.34,-0.30,0.96,24.35,-17.40,-5.55,,,
164456,-0.29,-0.18,1.04,33.57,-22.03,24.29,,,
165059,-0.25,-0.32,0.99,9.34,19.65,-29.17,,,
165652,-0.39,-0.61,0.67,25.82,71.04,-51.82,,,
166247,-0.43,-0.89,0.80,-37.05,3.72,-46.63,,,
166840,-0.17,-0.80,0.63,10.86,-29.54,25.15,,,
167433,-0.32,-0.55,0.83,4.58,12.45,-12.76,,,
168027,-0.27,-0.47,0.82,2.14,-36.38,25.15,,,
168663,-0.30,-0.49,0.87,-14.28,-7.51,-22.89,,,
169258,-0.26,-0.80,0.54,-29.48,-24.54,-5.74,,,
169852,-0.17,-0.88,0.48,3.91,-4.27,2.32,,,
170446,-0.15,-0.82,0.61,-15.20,18.74,-4.52,,,
171039,-0.11,-0.86,0.59,40.59,-43.64,51.27,,,
171641,-0.23,-0.75,0.63,-35.89,-16.91,11.05,,,
172236,-0.26,-0.48,0.83,-37.84,19.47,-51.15,,,
172829,-0.39,-0.55,0.84,-68.12,-27.89,28.81,,,
173424,-0.21,-0.71,0.71,12.21,14.34,-48.58,,,
174017,-0.06,-0.82,0.70,-36.99,-37.17,-1.59,,,
174611,-0.01,-0.90,0.45,2.87,-13.98,12.21,,,
175204,-0.05,-0.97,0.51,-37.17,10.93,-24.35,,,
175841,0.09,-1.05,-0.04,-17.40,52.06,16.78,,,
176435,0.02,-1.02,0.01,3.78,7.93,0.49,,,
177027,-0.00,-1.01,-0.02,1.59,12.39,1.10,,,
177621,-0.00,-0.99,-0.05,2.32,5.13,1.71,,,
178223,-0.04,-0.99,-0.03,-2.50,2.75,-1.22,,,
178816,0.09,-1.02,0.00,14.22,17.46,-1.40,,,
179410,0.06,-1.00,0.02,-3.30,0.24,1.83,,,
180002,-0.04,-1.00,-0.02,-4.15,-8.85,0.43,,,
180596,-0.02,-0.99,-0.08,-4.88,-5.07,0.18,,,
181190,-0.02,-1.00,-0.08,-3.72,-3.66,-3.30,,,
181783,-0.02,-0.99,-0.08,-0.73,-7.26,-0.67,,,
182419,0.04,-0.99,-0.03,15.32,-40.77,-11.96,,,
183013,0.04,-1.01,0.03,-0.43,-1.89,-0.73,,,
183606,0.08,-1.01,0.11,1.59,-4.64,-1.89,,,
184199,0.03,-1.00,0.16,-6.96,11.05,-2.99,,,
184802,0.06,-1.00,0.08,-5.25,1.95,-1.71,,,
185395,0.05,-0.98,0.02,4.70,9.09,2.26,,,
185988,0.07,-1.00,-0.01,-0.37,0.85,-0.92,,,
186582,0.08,-1.00,-0.03,-2.87,0.67,-2.99,,,
187174,0.07,-1.00,-0.03,1.46,7.63,0.31,,,
187768,0.05,-1.00,-0.02,-0.31,-1.16,0.00,,,
188361,0.07,-1.00,0.00,4.33,-45.23,-2.44,,,
188954,0.09,-1.01,0.01,6.10,-36.19,-0.85,,,
189590,0.10,-0.97,0.12,0.18,-0.98,0.24,,,
190182,0.11,-1.00,0.10,-1.34,10.50,1.65,,,
190776,0.09,-1.01,0.19,-2.62,4.33,5.13,,,
191377,0.06,-1.00,0.11,-0.92,-4.88,3.30,,,
191971,0.29,1.07,-0.47,375.18,-308.84,445.68,,,
192565,-0.28,-0.71,0.62,20.32,8.36,-12.94,,,
193158,-0.11,-0.87,0.31,-24.11,-57.31,28.87,,,
193752,-0.21,-0.94,0.43,-0.61,-4.27,-2.99,,,
194345,-0.23,-1.01,0.58,17.76,-55.05,-5.74,,,
194939,-0.18,-0.89,0.47,-17.70,1.46,-28.93,,,
195533,-0.20,-0.99,0.45,1.28,9.28,15.87,,,
196170,-0.32,-0.92,0.35,-4.94,1.89,0.85,,,
196762,-0.26,-0.92,0.34,-10.19,19.23,-27.59,,,
197356,-0.23,-0.90,0.25,17.09,43.27,-33.08,,,
197959,-0.39,-0.82,0.67,24.17,80.20,-34.73,,,
198552,-0.44,-0.42,0.74,16.17,84.05,-79.10,,,
199146,-0.43,-0.38,0.84,-0.79,-6.47,-27.40,,,
199739,-0.26,-0.66,0.79,-68.12,-62.44,86.49,,,
200332,-0.10,-0.59,0.93,21.61,0.37,-27.65,,,
200925,-0.16,-0.59,0.52,-6.35,-86.06,77.76,,,
201518,-0.21,-0.58,0.70,31.19,59.14,-74.22,,,
202112,-0.29,-0.57,0.88,-20.51,16.30,-2.26,,,
202705,-0.35,-0.50,0.72,-60.06,-9.77,2.32,,,
203342,-0.30,-0.63,0.96,-8.30,47.06,-66.22,,,
203934,-0.45,-0.76,0.55,-37.96,14.95,-14.10,,,
204536,-0.29,-0.92,0.34,60.06,38.21,11.96,,,
205130,-0.32,-0.42,0.79,41.50,36.19,-27.65,,,
205723,-0.15,-0.65,0.92,14.47,-78.55,41.81,,,
206317,-0.27,-0.71,0.74,46.08,-18.07,11.60,,,
206909,-0.25,-0.49,0.90,-17.09,-21.79,-5.92,,,
207503,-0.07,-0.57,0.84,-15.56,-59.57,87.10,,,
208096,-0.24,-0.60,0.78,5.86,5.68,23.50,,,
208688,-0.11,-0.62,0.93,41.99,17.76,-24.72,,,
209282,-0.33,-0.41,0.83,30.33,4.21,-13.43,,,
209918,-0.31,-0.52,0.80,-39.00,-7.57,-25.33,,,
210521,-0.17,-0.65,0.83,5.49,-40.34,74.77,,,
211114,-0.06,-0.49,0.79,32.53,77.45,-22.16,,,
211706,-0.16,-0.44,0.90,-74.58,-2.87,5.92,,,
212300,-0.15,-0.82,0.52,-34.79,14.53,-5.49,,,
212893,-0.27,-0.79,0.56,14.40,20.94,12.33,,,
213487,-0.18,-0.82,0.57,-19.84,-56.95,-10.56,,,
214080,-0.18,-0.81,0.60,1.04,5.92,-3.54,,,
214672,-0.17,-0.83,0.59,0.67,0.24,-5.13,,,
215265,-0.21,-0.88,0.51,-5.55,-10.31,4.88,,,
215858,-0.29,-0.84,0.50,13.67,-20.20,4.94,,,
216451,-0.31,-0.80,0.53,-0.12,-21.06,4.46,,,
217096,-0.33,-0.81,0.50,-3.30,-8.42,11.35,,,
217690,-0.20,-0.82,0.68,16.17,-49.19,0.67,,,
218282,-0.21,-0.70,0.46,2.44,-39.98,-7.93,,,
218875,0.11,-0.83,0.48,1.10,-50.60,63.90,,,
219469,0.00,-0.83,0.61,-8.24,-1.04,-0.24,,,
220062,0.15,-0.79,0.79,39.18,-2.26,50.54,,,
220656,-0.19,-0.67,0.56,-9.89,27.40,-5.19,,,
221249,-0.24,-0.63,0.35,58.17,-2.26,-69.21,,,
221843,-0.09,-0.76,1.08,66.59,-8.97,-11.05,,,
222436,0.05,-0.75,0.55,-6.53,39.86,8.54,,,
223028,0.04,-0.93,0.56,-0.79,-44.92,-4.88,,,
223675,0.13,-0.85,0.55,-9.64,24.17,-13.43,,,
224267,0.13,-0.87,0.49,-11.66,-0.55,3.66,,,
224861,0.20,-0.91,0.52,10.44,10.68,8.54,,,
225454,0.06,-0.85,0.53,13.49,6.53,9.34,,,
226046,-0.00,-0.90,0.60,0.79,-5.13,-3.30,,,
226640,-0.10,-0.84,0.60,-4.64,-8.12,-7.39,,,
227233,-0.13,-0.82,0.58,-2.20,-18.86,-23.80,,,
227827,-0.08,-0.83,0.60,-2.50,3.23,-4.27,,,
228419,-0.09,-0.80,0.60,8.06,35.58,25.33,,,
229012,-0.13,-0.82,0.62,2.56,17.27,11.72,,,
229605,-0.21,-0.71,0.63,-0.79,-27.22,-10.38,,,
230250,-0.22,-0.75,0.67,4.27,-12.08,-5.37,,,
230844,-0.08,-0.69,0.65,5.43,38.15,16.48,,,
231437,-0.20,-0.78,0.75,-1.89,3.91,8.00,,,
232030,-0.28,-0.68,0.68,-5.80,-13.24,-13.24,,,
232623,-0.27,-0.69,0.68,-0.18,-5.00,-19.65,,,
233216,-0.19,-0.74,0.68,9.34,-20.57,-21.85,,,
233810,-0.20,-0.70,0.70,3.05,-11.05,-14.40,,,
234403,-0.24,-0.70,0.67,2.26,-17.27,-18.74,,,
234997,-0.22,-0.68,0.66,-3.11,-27.59,-25.09,,,
235590,-0.18,-0.78,0.70,-10.44,-1.34,-15.26,,,
236184,-0.19,-0.89,0.65,60.55,-18.25,42.66,,,
236786,-0.21,-0.88,0.43,-15.14,5.19,-37.54,,,
237422,-0.17,-0.93,0.41,2.87,0.24,1.59,,,
238016,-0.16,-0.90,0.40,1.04,5.86,23.38,,,
238608,-0.10,-0.94,0.43,-0.12,-58.35,-11.66,,,
239202,-0.01,-0.97,0.32,11.47,2.93,0.00,,,
239794,-0.09,-0.88,0.46,5.55,4.88,-2.99,,,
240387,-0.21,-0.63,0.75,-37.60,-34.36,46.94,,,
240980,-0.49,-0.55,0.34,-47.85,-169.31,-18.74,,,
241574,-0.99,-0.84,0.21,-19.47,15.44,-9.09,,,
242168,-0.77,-0.41,-0.10,21.42,96.25,39.49,,,
242761,-0.67,-0.68,0.03,-0.31,-0.37,-16.17,,,
243364,-0.72,-0.76,0.28,34.91,-40.65,-6.65,,,
244000,-0.63,-0.55,0.62,13.49,-30.15,31.86,,,
244593,-0.67,-0.41,0.44,-51.09,-67.20,-15.56,,,
245187,-0.61,-0.68,0.51,-38.64,62.93,59.39,,,
245780,-0.67,-0.78,0.40,1.22,-53.71,-28.26,,,
246374,-0.49,-0.82,0.10,24.54,-7.45,-38.94,,,
246967,-0.40,-0.58,0.77,-23.38,0.24,16.36,,,
247560,-0.28,-0.75,0.70,-18.80,-40.34,23.50,,,
248154,-0.26,-0.75,0.65,-5.25,-5.13,3.48,,,
248746,-0.25,-0.77,0.56,-5.19,8.12,-10.19,,,
249349,-0.29,-0.84,0.57,-9.64,-15.14,15.14,,,
249942,-0.26,-0.85,0.52,-11.29,-17.70,-11.60,,,
250536,-0.22,-0.85,0.51,2.50,-2.87,0.31,,,
251172,-0.18,-0.89,0.43,-15.26,-32.04,15.56,,,
251765,-0.19,-0.90,0.46,-6.16,-2.75,-0.61,,,
252359,-0.16,-0.91,0.42,3.42,14.04,-15.01,,,
252951,-0.12,-0.93,0.39,-7.02,6.71,-8.73,,,
253545,-0.05,-1.00,0.34,-11.41,14.16,-9.83,,,
254138,-2.11,-1.88,-2.35,-148.32,531.13,717.47,,,
254731,-0.17,-0.68,0.24,-48.95,79.16,-81.18,,,
255324,0.09,-1.00,0.40,18.31,32.35,-0.92,,,
255926,0.13,-0.91,0.47,7.93,18.49,-4.76,,,
256519,0.13,-0.86,0.54,4.76,0.85,0.73,,,
257111,0.12,-0.86,0.55,-0.43,-0.24,0.24,,,
257747,0.13,-0.86,0.55,2.01,-0.18,-0.43,,,
258339,0.12,-0.85,0.54,1.46,0.43,0.18,,,
258931,0.11,-0.85,0.56,0.18,-2.32,1.46,,,
259525,0.10,-0.85,0.56,-2.81,0.67,0.37,,,
260117,0.10,-0.85,0.55,-4.21,2.62,-2.50,,,
260710,0.11,-0.85,0.59,15.99,-59.20,40.22,,,
261303,0.04,-0.88,0.51,-10.07,-20.63,33.02,,,
261897,-0.01,-0.89,0.49,3.66,0.49,-0.61,,,
262498,-0.02,-0.90,0.48,0.43,-5.68,2.38,,,
263090,-0.02,-0.90,0.48,2.56,-0.61,-0.37,,,
263684,-0.03,-0.89,0.47,-0.06,2.69,-2.93,,,
264276,-0.02,-0.90,0.46,-0.24,-0.67,0.00,,,
264913,-0.06,-0.89,0.46,13.37,37.54,-22.58,,,
265505,0.06,-0.91,0.49,0.31,22.95,-28.87,,,
266098,-0.01,-0.86,0.54,-5.49,-8.00,-4.33,,,
266692,0.05,-0.88,0.53,0.24,-1.16,-2.69,,,
267284,0.08,-0.78,0.64,49.62,-1.40,15.87,,,
267878,-0.17,-0.58,0.95,37.54,32.04,21.00,,,
268471,-0.05,-0.45,0.90,33.57,15.08,33.81,,,
269073,-0.08,-0.71,0.80,-37.96,-9.40,-30.27,,,
269667,-0.07,-0.69,0.70,-16.42,-16.72,10.99,,,
270261,-0.14,-0.73,0.65,-25.02,-20.87,-7.39,,,
270854,0.05,-0.84,0.70,-1.59,-68.48,28.75,,,
271491,-0.05,-0.78,0.64,1.59,67.44,-39.12,,,
272084,0.01,-0.79,0.63,1.46,2.87,-13.31,,,
272677,0.02,-0.73,0.74,-2.26,10.80,-12.45,,,
273271,-0.04,-0.54,0.85,31.49,29.60,-31.56,,,
273864,-0.17,-0.62,0.85,0.73,-5.19,-48.34,,,
274457,-0.06,-0.55,0.87,-3.17,-0.37,0.06,,,
275050,-0.02,-0.60,0.84,-10.62,-39.79,41.93,,,
275652,0.02,-0.59,0.82,-17.58,-39.73,18.74,,,
276246,-0.09,-0.75,0.79,94.06,-85.51,62.44,,,
276839,0.07,-0.42,0.93,17.21,-1.10,19.53,,,
277432,-0.08,-0.45,0.97,-32.10,20.75,13.49,,,
278025,0.09,-0.49,0.85,21.97,32.17,2.69,,,
278662,0.05,-0.61,0.90,-16.85,-24.84,9.95,,,
279255,0.09,-0.88,0.40,-0.98,-14.16,24.23,,,
279848,0.09,-0.88,0.47,-6.04,-40.83,15.50,,,
280442,0.09,-0.94,0.37,-2.99,-1.65,0.85,,,
281034,0.03,-0.93,0.39,-0.49,-0.61,-0.55,,,
281627,0.03,-0.93,0.39,1.59,2.56,-1.65,,,
282229,0.06,-0.87,0.49,13.43,20.20,-19.47,,,
282821,0.05,-0.74,0.67,22.52,20.45,-3.60,,,
283414,0.06,-0.71,0.53,-18.01,-4.76,1.04,,,
284007,-0.06,-0.69,0.92,-17.76,-20.69,-18.37,,,
284601,-0.06,-0.95,0.36,-26.73,45.84,-18.19,,,
285237,0.03,-0.70,0.73,36.62,-8.30,-2.69,,,
285831,0.02,-0.50,0.96,15.26,3.66,2.14,,,
286423,-0.03,-0.46,0.97,-13.18,17.03,-27.47,,,
287016,-0.15,-0.56,0.90,-15.44,25.94,-22.03,,,
287610,-0.15,-0.66,0.77,-18.74,22.95,-18.13,,,
288203,-0.01,-0.77,0.65,0.31,-1.89,-18.01,,,
288806,0.06,-0.65,0.68,-34.30,25.70,-45.72,,,
289398,0.05,-0.80,0.60,-18.01,3.60,-13.24,,,
289991,0.08,-0.86,0.54,-2.26,1.46,1.83,,,
290583,0.10,-0.88,0.49,-9.22,13.67,-13.31,,,
291176,0.17,-0.88,0.50,-0.12,5.07,-5.55,,,
291769,0.18,-0.87,0.51,0.43,0.85,1.04,,,
292405,0.17,-0.86,0.51,-0.61,0.18,1.53,,,
292998,0.17,-0.87,0.52,0.55,-0.55,0.43,,,
293590,0.18,-0.86,0.52,-1.53,0.43,0.18,,,
294183,0.18,-0.86,0.53,0.85,-1.10,0.31,,,
294776,0.18,-0.85,0.53,2.75,-3.42,2.69,,,
295377,0.18,-0.84,0.54,0.85,-1.34,0.00,,,
295971,0.15,-0.80,0.62,16.54,8.79,11.84,,,
296563,0.07,-0.77,0.65,12.57,5.74,-4.52,,,
297156,-0.01,-0.55,0.61,34.73,50.60,-41.99,,,
297749,-0.24,-0.41,1.09,-11.47,53.53,-66.16,,,
298342,-0.09,-0.57,1.15,72.81,110.47,-73.97,,,
298979,-0.11,-0.62,0.65,-50.11,-36.93,20.14,,,
299572,-0.14,-0.53,0.81,22.28,35.58,-66.89,,,
300166,-0.07,-0.48,0.96,12.45,-20.39,-12.39,,,
300759,-0.18,-0.26,1.05,27.10,-49.38,-14.53,,,
301352,-0.32,-0.35,0.81,-80.20,37.23,-21.97,,,
301955,-0.16,-0.38,0.89,4.21,-9.77,75.01,,,
302548,-0.03,-1.43,1.78,137.94,59.51,57.92,,,
303142,0.02,-0.56,1.16,-91.31,-29.66,50.60,,,
303735,-0.09,-0.53,0.88,-20.39,50.96,-24.96,,,
304329,-0.03,-0.48,0.81,-39.00,-60.30,61.40,,,
304922,-0.06,-0.51,0.69,7.20,28.02,-35.77,,,
305515,0.04,-0.55,0.96,12.51,-35.58,14.16,,,
306151,-0.10,-0.41,0.93,-1.59,3.91,5.13,,,
306744,-0.14,-0.45,0.88,-8.97,-4.27,-3.66,,,
307337,-0.20,-0.39,0.88,-0.67,20.08,19.65,,,
307930,-0.28,-0.41,0.85,-7.63,15.50,8.97,,,
308531,-0.22,-0.39,0.92,0.85,3.72,-2.62,,,
309124,-0.22,-0.43,0.89,1.95,1.71,1.10,,,
309716,-0.23,-0.44,0.87,-2.75,3.23,2.26,,,
310310,-0.26,-0.37,0.98,6.77,22.40,6.84,,,
310902,-0.28,-0.36,0.87,-8.79,-10.01,-24.41,,,
311497,-0.18,-0.40,0.86,19.71,39.49,37.84,,,
312089,-0.29,-0.26,0.98,-2.44,-15.81,-56.82,,,
312726,-0.24,-0.48,0.89,-5.49,-4.76,1.46,,,
313320,-0.15,-0.48,0.89,-10.80,0.92,-1.04,,,
313912,-0.13,-0.51,0.90,20.20,-2.62,2.75,,,
314506,-0.13,-0.51,0.89,-3.97,-0.98,-0.37,,,
315107,-0.12,-0.51,0.88,2.56,-0.67,0.43,,,
315700,-0.12,-0.49,0.88,-2.50,-0.61,0.12,,,
316293,-0.12,-0.51,0.87,-12.57,-0.79,-2.20,,,
316886,-0.11,-0.51,0.89,4.52,5.25,3.23,,,
317479,-0.09,-0.53,0.80,-16.60,-3.05,-9.34,,,
318072,-0.05,-0.54,0.85,-3.97,10.44,15.38,,,
318665,-0.06,-0.62,0.81,0.61,0.98,1.16,,,
319258,-0.07,-0.67,0.82,2.56,10.99,15.69,,,
319894,-0.05,-0.61,0.79,-9.83,-9.46,-9.95,,,
320488,-0.07,-0.55,0.82,2.20,2.14,3.97,,,
321080,-0.04,-0.56,0.86,5.13,0.31,3.60,,,
321682,-0.10,-0.59,0.86,-10.01,0.24,11.11,,,
322275,-0.10,-0.61,0.86,3.72,0.43,0.67,,,
322868,-0.07,-0.53,0.88,2.38,5.74,8.67,,,
323460,-0.10,-0.53,0.90,-13.92,-16.30,-4.27,,,
324054,-0.18,-0.48,0.87,-2.50,-15.08,-0.79,,,
324648,-0.14,-0.47,0.90,7.75,18.07,9.52,,,
325241,-0.15,-0.50,0.90,-18.68,-24.29,-18.80,,,
325835,-0.18,-0.45,0.89,5.55,3.78,-0.06,,,
326481,-0.20,-0.44,0.83,-21.06,11.66,31.98,,,
327074,-0.16,-0.45,0.93,-4.88,-7.63,-9.03,,,
327668,-0.19,-0.45,0.90,4.82,-2.14,-2.32,,,
328270,-0.20,-0.44,0.89,1.65,4.82,13.18,,,
328863,-0.22,-0.44,0.87,-2.50,-5.07,-6.47,,,
329456,-0.22,-0.65,0.81,-37.35,24.78,-34.85,,,
330050,-0.04,-0.78,0.68,-43.58,48.16,-57.68,,,
330643,0.02,-0.82,0.60,-4.15,-1.53,5.55,,,
331236,-0.03,-0.89,0.51,-9.40,-7.75,-0.85,,,
331830,-0.02,-0.87,0.52,6.84,-16.60,3.05,,,
332422,-0.08,-0.84,0.57,20.87,-35.40,27.10,,,
333016,0.02,-0.62,0.84,0.24,-4.64,4.39,,,
333651,0.00,-0.58,0.83,1.28,0.55,8.24,,,
334243,-0.04,-0.57,0.83,6.71,18.92,26.12,,,
334846,-0.05,-0.59,0.84,-6.29,-3.85,-12.82,,,
335439,0.05,-0.59,0.90,1.16,-9.89,2.99,,,
336032,-0.12,-0.47,0.86,-14.16,-12.45,-5.43,,,
336625,-0.14,-0.48,0.88,-0.06,2.75,14.53,,,
337219,-0.14,-0.48,0.87,-5.13,-6.84,-3.60,,,
337811,-0.12,-0.47,0.87,0.67,2.14,0.49,,,
338404,-0.16,-0.49,0.94,2.44,0.98,4.76,,,
338997,-0.19,-0.44,0.92,-0.31,-0.18,0.37,,,
339590,-0.14,-0.46,0.89,-1.71,-2.75,-2.87,,,
340227,-0.25,-0.43,0.84,-0.61,19.23,-1.28,,,
340820,-0.17,-0.43,0.90,3.54,1.65,4.09,,,
341421,-0.16,-0.53,0.83,-6.77,-2.93,-33.39,,,
342015,-0.11,-0.63,0.81,-24.29,9.03,-17.21,,,
342608,0.00,-0.80,0.62,-5.43,-45.53,26.55,,,
343202,0.05,-0.78,0.61,10.50,-63.96,69.58,,,
343794,-0.03,-0.63,0.75,-20.63,-76.17,58.11,,,
344389,-0.22,-0.56,0.82,-18.25,24.35,-63.60,,,
344982,-0.07,-0.71,0.73,-10.01,2.99,-16.11,,,
345575,-0.03,-0.77,0.72,6.29,-0.79,-1.89,,,
346169,0.02,-0.77,0.68,-9.58,-37.41,17.82,,,
346761,0.05,-0.62,0.82,13.24,-31.31,39.37,,,
347399,0.00,-0.66,0.95,49.38,-3.36,33.02,,,
348000,0.04,-0.62,0.78,-22.46,-13.18,-17.58,,,
348593,-0.01,-0.48,0.89,-10.68,-7.81,68.97,,,
349187,0.01,-0.53,0.88,11.66,4.76,-16.48,,,
349779,0.57,-0.68,1.22,-54.93,-48.89,106.45,,,
350373,-0.00,-0.39,1.51,-44.92,39.43,124.45,,,
350966,-0.15,-0.57,0.81,4.21,7.87,-18.07,,,
351560,-0.20,-0.67,0.76,0.98,2.20,-0.18,,,
352152,-0.23,-0.70,0.68,-12.51,33.57,-14.47,,,
352745,-0.20,-0.72,0.70,-7.75,6.53,3.48,,,
353339,-0.20,-0.70,0.72,-1.77,-0.92,-1.53,,,
353975,-0.18,-0.73,0.70,-4.03,-0.43,-2.01,,,
354578,-0.14,-0.85,0.64,5.49,-3.11,1.71,,,
355170,-0.12,-0.85,0.56,-12.57,-10.07,-2.93,,,
355764,-0.07,-0.88,0.50,-0.37,-1.04,-1.04,,,
356357,-0.08,-0.89,0.49,-1.77,-0.61,0.92,,,
356950,-0.04,-0.89,0.45,-2.20,-23.86,11.17,,,
357544,0.05,-0.67,0.84,33.94,-64.33,85.94,,,
358137,0.05,-0.45,0.85,-30.64,-27.10,60.42,,,
358731,0.12,-0.50,0.91,-24.96,-78.80,94.06,,,
359324,0.18,-0.33,0.96,6.77,-1.77,50.11,,,
359916,0.17,-0.58,0.70,-23.74,18.80,15.56,,,
360510,-0.10,-0.78,0.68,-34.61,18.62,27.53,,,
361154,0.14,-0.99,0.33,-1.59,-7.93,30.09,,,
361748,-0.03,-0.93,0.41,-9.64,-1.34,-11.47,,,
362341,0.05,-0.98,0.28,-5.80,-13.43,15.44,,,
362934,0.00,-0.98,0.23,-11.35,-13.98,4.94,,,
363527,0.02,-0.98,0.16,-4.76,-0.73,5.80,,,
364119,-0.00,-1.00,0.15,-1.77,-2.26,2.99,,,
364713,-0.02,-1.00,0.12,-2.32,-2.01,-0.24,,,
365306,-0.02,-1.01,0.09,3.11,-3.48,-0.49,,,
365899,-0.02,-1.00,0.09,-1.65,-1.16,-0.18,,,
366492,-0.01,-1.00,0.07,-2.01,0.31,-1.40,,,
367085,-0.00,-0.99,0.09,0.73,-2.56,-1.04,,,
367730,-0.03,-1.01,0.08,-0.61,-0.67,0.24,,,
368323,-0.01,-1.01,0.07,-0.12,0.06,-0.31,,,
368916,-0.01,-1.00,0.08,-0.24,-0.24,-1.16,,,
369509,-0.02,-1.01,0.07,0.06,-0.67,0.31,,,
370102,-0.01,-1.00,0.07,0.31,-0.18,-0.55,,,
370694,-0.02,-1.00,0.07,0.79,-1.16,-0.06,,,
371287,-0.01,-1.00,0.07,-1.65,-3.11,2.26,,,
371880,-0.01,-1.00,0.08,-0.92,-1.40,2.38,,,
372473,-0.02,-1.00,0.07,0.73,3.78,-0.73,,,
373066,-0.01,-1.01,0.05,-0.55,0.24,-1.28,,,
373659,-0.01,-1.00,0.04,-1.22,-0.06,-1.16,,,
374260,-0.01,-1.01,0.03,0.49,-1.34,-0.67,,,
374896,-0.02,-1.01,0.03,-1.46,-0.12,0.24,,,
375488,-0.01,-1.00,0.02,-1.34,0.24,1.59,,,
376081,0.01,-1.00,0.02,-0.92,-1.89,3.91,,,
376673,-0.00,-1.00,0.02,-0.43,0.55,-1.40,,,
377267,-0.01,-1.00,0.02,-0.92,0.61,-1.04,,,
377859,-0.00,-1.00,0.02,-1.16,0.55,-0.92,,,
378451,0.00,-1.00,0.01,-1.53,-0.73,0.37,,,
379045,-0.01,-1.00,0.01,1.59,0.49,0.18,,,
379637,-0.01,-1.01,0.01,2.14,0.24,-2.26,,,
380230,0.01,-1.00,0.01,-1.34,0.79,-0.06,,,
380831,-0.01,-1.00,0.01,0.12,-0.43,-1.34,,,
381424,-0.01,-1.00,0.01,0.06,-0.79,-0.55,,,
382060,-0.02,-1.01,0.01,-0.92,-0.24,-0.43,,,
382652,-0.03,-1.01,0.02,0.00,-0.49,0.67,,,
383245,-0.01,-1.01,0.01,-0.55,-0.55,0.49,,,
383838,-0.01,-1.00,0.00,-0.37,-0.18,-0.67,,,
384431,-0.01,-1.01,0.00,0.79,-0.24,-0.12,,,
385023,-0.01,-1.01,0.00,-3.48,-8.06,7.20,,,
385616,-0.03,-1.00,-0.00,0.92,0.00,-2.38,,,
386209,-0.03,-1.00,0.01,-0.37,-0.85,-0.43,,,
386802,-0.03,-1.01,0.01,-0.55,-0.43,0.43,,,
387404,-0.02,-1.00,0.01,-0.49,-1.40,0.73,,,
387997,-0.02,-1.00,0.01,-0.24,-0.49,-0.18,,,
388632,-0.02,-1.01,0.01,-0.18,-0.18,-0.98,,,
389225,-0.03,-1.02,0.02,0.79,-2.14,0.37,,,
389817,-0.02,-1.01,0.02,-0.18,-0.61,0.37,,,
390411,-0.02,-1.00,0.02,0.24,-0.12,0.92,,,
391003,-0.02,-1.01,0.02,0.06,-0.18,-0.98,,,
391597,-0.01,-0.99,0.03,16.85,14.65,-8.85,,,
392189,-0.28,-0.86,0.46,34.18,-9.22,43.21,,,
392782,-0.13,-0.92,0.42,-34.06,3.85,-33.87,,,
393376,-0.12,-0.96,0.31,-16.78,16.05,-18.37,,,
393978,-0.11,-0.93,0.18,-4.39,12.82,-16.36,,,
394571,-0.03,-0.99,0.17,-4.03,0.31,2.75,,,
395164,-0.03,-0.99,0.21,-1.46,1.95,1.04,,,
395799,0.00,-0.99,0.18,1.34,7.08,-5.13,,,
396392,0.02,-1.00,0.18,0.98,-2.87,-1.04,,,
396984,0.02,-0.99,0.18,-0.12,-1.53,2.01,,,
397577,0.03,-0.99,0.18,-0.49,-0.55,1.89,,,
398170,0.03,-0.99,0.18,-0.85,-0.92,3.05,,,
398763,0.04,-1.00,0.18,-1.16,-0.31,0.49,,,
399356,0.04,-0.99,0.18,0.06,-0.55,-0.98,,,
399948,0.04,-0.99,0.18,0.06,1.10,-1.71,,,
400541,0.03,-1.00,0.18,0.73,-2.38,-1.59,,,
401142,0.04,-0.99,0.18,-0.92,0.37,-0.92,,,
401735,0.05,-0.99,0.18,-0.67,-0.92,1.10,,,
402328,0.05,-1.02,0.20,0.79,-15.75,5.80,,,
402963,-0.07,-1.01,0.07,-14.83,1.71,4.64,,,
403556,-0.05,-1.01,-0.01,-7.57,-4.03,-1.95,,,
404149,-0.04,-1.00,-0.06,-4.58,-0.98,0.24,,,
404743,-0.03,-1.00,-0.08,-1.53,-0.61,-0.37,,,
405335,-0.03,-1.00,-0.08,-3.42,-0.06,0.00,,,
405929,-0.03,-1.00,-0.09,-0.18,-1.04,0.31,,,
406521,-0.03,-0.99,-0.10,-0.18,-0.61,-0.55,,,
407115,-0.02,-0.99,-0.11,-19.78,24.29,-7.39,,,
407718,-0.01,-0.98,0.41,66.59,18.62,35.89,,,
408310,-0.24,-0.81,0.56,12.45,1.04,20.39,,,
408903,-0.30,-0.68,0.70,-27.16,0.55,-0.55,,,
409496,-0.27,-0.74,0.63,-50.42,-24.17,13.92,,,
410134,-0.31,-0.72,0.64,9.46,-9.64,17.52,,,
410726,-0.51,-0.16,0.89,12.70,2.14,4.46,,,
411318,-0.51,-0.14,0.87,-3.72,-1.95,0.67,,,
411912,-0.52,-0.13,0.87,1.89,-0.61,1.22,,,
412504,-0.51,-0.13,0.88,2.44,-0.43,-0.24,,,
413097,-0.51,-0.12,0.88,0.12,-0.37,0.06,,,
413689,-0.51,-0.11,0.88,0.67,-0.79,0.31,,,
414291,-0.51,-0.10,0.88,0.24,-0.31,0.00,,,
414883,-0.51,-0.10,0.88,0.31,-0.79,-0.18,,,
415475,-0.51,-0.10,0.88,0.37,-0.37,0.00,,,
416068,-0.51,-0.09,0.88,0.18,-0.49,-0.06,,,
416703,-0.51,-0.09,0.88,-0.67,-0.49,-0.18,,,
417297,-0.51,-0.09,0.88,-0.06,-0.49,-0.18,,,
417889,-0.51,-0.09,0.88,-0.24,-0.67,0.00,,,
418481,-0.51,-0.09,0.88,0.24,-0.24,0.12,,,
419074,-0.51,-0.09,0.88,-0.12,-0.49,-0.31,,,
419667,-0.51,-0.08,0.88,0.12,-0.37,-0.12,,,
420260,-0.51,-0.08,0.88,-0.24,-0.37,-0.12,,,
420887,-0.51,-0.08,0.88,-0.18,-0.61,0.06,,,
421487,-0.51,-0.08,0.88,-0.37,-0.55,-0.06,,,
422087,-0.51,-0.08,0.89,-0.24,-0.49,-0.12,,,
422687,-0.51,-0.08,0.88,-1.16,-0.61,-0.06,,,
423330,-0.51,-0.08,0.88,-0.12,-0.43,-0.06,,,
423930,-0.51,-0.06,0.88,-0.43,-0.55,-0.06,,,
424531,-0.51,-0.06,0.89,2.87,-1.22,3.11,,,
425131,-0.52,-0.08,0.87,-4.58,-1.34,1.77,,,
425731,-0.51,-0.05,0.89,0.37,-0.49,-0.06,,,
426332,-0.51,-0.04,0.89,-0.06,-0.49,-0.18,,,
426932,-0.51,-0.04,0.89,-0.06,-0.55,-0.24,,,
427542,-0.51,-0.04,0.89,-0.12,-0.55,-0.24,,,
428142,-0.51,-0.04,0.89,0.06,-0.61,0.12,,,
428742,-0.51,-0.04,0.89,-0.24,-0.49,-0.12,,,
429343,-0.51,-0.04,0.89,0.00,-0.49,-0.18,,,
429944,-0.51,-0.04,0.89,-1.40,-0.55,0.12,,,
430545,-0.51,-0.04,0.89,-0.06,-0.49,-0.06,,,
431188,-0.39,-0.24,0.92,-115.36,-80.69,8.30,,,
431789,-0.07,-0.69,0.76,-5.43,-0.61,-3.78,,,
432389,-0.07,-0.71,0.74,1.40,-1.22,-2.32,,,
432989,-0.07,-0.68,0.74,9.52,8.54,-12.70,,,
433591,-0.04,-0.48,0.91,22.95,-2.62,2.69,,,
434199,-0.06,-0.40,0.95,0.49,-1.10,1.16,,,
434800,-0.06,-0.38,0.96,4.21,0.37,-1.53,,,
435400,-0.06,-0.35,0.97,0.49,-0.55,0.31,,,
436000,-0.06,-0.33,0.97,0.61,-0.43,-0.06,,,
436601,-0.06,-0.32,0.98,0.37,-0.55,0.00,,,
437201,-0.06,-0.32,0.98,0.00,-0.43,0.00,,,
437844,-0.06,-0.32,0.98,-0.18,-0.79,-0.24,,,
438444,-0.06,-0.31,0.98,0.06,-0.49,-0.12,,,
439045,-0.06,-0.31,0.98,-0.12,-0.61,-0.12,,,
439646,-0.06,-0.31,0.98,0.55,-0.31,0.06,,,
440246,-0.06,-0.31,0.98,-0.12,-0.49,-0.06,,,
440857,-0.06,-0.31,0.98,-0.24,-0.49,0.06,,,
441456,-0.06,-0.31,0.98,-0.31,-0.49,0.00,,,
442056,-0.06,-0.31,0.98,0.92,-0.55,-0.12,,,
442657,-0.06,-0.31,0.98,0.18,-0.43,-0.06,,,
443257,-0.06,-0.31,0.98,-0.98,-0.61,0.12,,,
443858,-0.06,-0.30,0.98,-0.12,-0.43,0.00,,,
444458,-0.06,-0.30,0.98,0.49,-0.49,-0.06,,,
445060,-0.06,-0.30,0.98,0.37,-0.31,-0.06,,,
445703,-0.06,-0.30,0.98,-0.12,-0.61,-0.12,,,
446304,-0.06,-0.30,0.98,-0.12,-0.43,-0.06,,,
446905,-0.06,-0.30,0.98,0.61,-0.55,-0.18,,,
447514,-0.06,-0.30,0.98,0.49,-0.43,-0.18,,,
448115,-0.06,-0.30,0.98,-0.37,-0.55,-0.06,,,
448715,-0.06,-0.30,0.98,-0.31,-0.43,0.00,,,
449315,-0.06,-0.30,0.98,0.00,-0.49,-0.12,,,
449917,-0.06,-0.30,0.98,-0.43,-0.55,-0.12,,,
450517,-0.06,-0.30,0.98,-0.12,-0.43,-0.12,,,
451119,-0.06,-0.30,0.99,1.10,-0.31,0.00,,,
451719,-0.06,-0.30,0.99,0.06,-0.49,0.12,,,
452362,-0.06,-0.30,0.98,-0.37,-0.49,-0.12,,,
452962,-0.06,-0.30,0.99,0.73,-0.55,0.00,,,
453562,-0.06,-0.26,0.99,0.12,-0.49,-0.12,,,
454173,-0.06,-0.27,0.99,-0.55,-0.61,-0.12,,,
454773,-0.06,-0.27,0.99,-0.18,-0.49,-0.12,,,
455373,-0.06,-0.26,0.99,0.00,-0.61,-0.12,,,
455974,-0.06,-0.27,0.99,0.12,-0.43,-0.06,,,
456574,-0.06,-0.27,0.99,0.37,-0.43,-0.06,,,
457175,-0.06,-0.27,0.99,0.00,-0.43,-0.12,,,
457776,-0.06,-0.27,0.99,-0.24,-0.49,-0.12,,,
458377,-0.06,-0.27,0.99,-0.06,-0.61,-0.18,,,
458977,-0.06,-0.27,0.99,-0.24,-0.49,0.00,,,
459578,-0.06,-0.27,0.99,-0.43,-0.55,-0.12,,,
460222,-0.06,-0.27,0.99,-0.12,-0.49,0.00,,,
460831,-0.06,-0.27,0.99,0.00,-0.49,-0.06,,,
461432,-0.06,-0.26,0.99,-0.24,-0.43,0.00,,,
462032,-0.06,-0.27,0.99,-0.06,-0.49,-0.12,,,
462633,-0.06,-0.27,0.99,0.55,-0.31,-0.06,,,
463234,-0.06,-0.27,0.99,-0.12,-0.49,-0.12,,,
463834,-0.06,-0.26,0.99,-0.18,-0.43,-0.06,,,
464435,-0.06,-0.27,0.99,0.00,-0.61,-0.18,,,
465036,-0.06,-0.26,0.99,-0.06,-0.49,-0.06,,,
465637,-0.06,-0.27,0.99,-0.18,-0.49,-0.06,,,
466237,-0.06,-0.26,0.99,0.00,-0.55,-0.06,,,
466879,-0.06,-0.27,0.99,-0.24,-0.43,-0.06,,,
467490,-0.06,-0.27,0.99,-0.31,-0.55,-0.06,,,
468090,-0.06,-0.26,0.99,-0.31,-0.49,0.00,,,
468691,-0.06,-0.26,1.00,-0.12,-0.43,-0.24,,,
469292,-0.06,-0.26,1.00,-0.12,-0.37,-0.06,,,
469892,-0.06,-0.25,1.00,0.06,-0.55,-0.12,,,
470493,-0.06,-0.26,1.00,0.06,-0.43,-0.12,,,
471094,-0.06,-0.26,1.00,0.24,-0.49,-0.31,,,
471695,-0.06,-0.25,1.00,0.18,-0.49,-0.12,,,
472295,-0.06,-0.24,1.00,1.04,-0.55,-0.37,,,
472895,-0.06,-0.23,1.00,0.49,-0.37,-0.12,,,
473496,-0.06,-0.23,1.00,0.55,-0.55,-0.18,,,
474148,-0.06,-0.23,1.00,-0.06,-0.43,-0.18,,,
474750,-0.06,-0.22,1.01,-0.37,-0.18,0.18,,,
475350,-0.06,-0.22,1.00,0.06,-0.43,-0.06,,,
475950,-0.06,-0.22,1.00,-0.79,-0.43,0.06,,,
476551,-0.06,-0.22,1.01,-0.12,-0.43,0.00,,,
477151,-0.06,-0.22,1.00,-0.49,-0.61,-0.06,,,
477752,-0.06,-0.22,1.00,-0.12,-0.43,-0.06,,,
478352,-0.06,-0.22,1.01,-0.43,-0.43,0.00,,,
478954,-0.06,-0.22,1.01,-0.12,-0.43,-0.06,,,
479554,-0.06,-0.22,1.01,0.00,-0.49,-0.12,,,
480154,-0.06,-0.18,1.01,4.39,0.12,-2.69,,,
480764,-0.07,-0.14,1.02,1.22,-0.37,-0.55,,,
481406,-0.07,-0.13,1.02,0.43,-0.43,-0.37,,,
482007,-0.07,-0.12,1.02,0.06,-0.61,-0.12,,,
482607,-0.07,-0.12,1.02,-0.06,-0.43,-0.18,,,
483207,-0.07,-0.12,1.02,-0.37,-0.61,-0.06,,,
483809,-0.07,-0.11,1.02,-0.06,-0.43,-0.18,,,
484409,-0.07,-0.11,1.02,-0.24,-0.67,-0.12,,,
485010,-0.07,-0.11,1.02,-0.12,-0.49,-0.18,,,
485611,-0.07,-0.11,1.02,-0.31,-0.67,-0.06,,,
486211,-0.07,-0.11,1.02,-0.06,-0.49,-0.18,,,
486811,-0.07,-0.11,1.02,-0.12,-0.61,-0.12,,,
487420,-0.07,-0.11,1.02,-1.22,-0.67,0.06,,,
488021,-0.07,-0.11,1.02,-0.18,-0.49,-0.12,,,
488665,-0.07,-0.11,1.02,-0.31,-0.43,-0.06,,,
489267,-0.07,-0.11,1.02,-0.18,-0.43,-0.12,,,
489867,-0.07,-0.11,1.02,0.00,-0.43,-0.12,,,
490467,-0.07,-0.11,1.02,-0.31,-0.49,-0.18,,,
491068,-0.07,-0.11,1.02,-0.18,-0.67,-0.06,,,
491668,-0.07,-0.11,1.02,-0.18,-0.49,-0.12,,,
492269,-0.07,-0.11,1.02,0.06,-0.37,-0.49,,,
492869,-0.07,-0.11,1.02,0.12,-0.67,-0.18,,,
493469,-0.07,-0.11,1.02,-0.24,-0.49,-0.12,,,
494080,-0.07,-0.11,1.02,0.06,-0.61,-0.06,,,
494680,-0.07,-0.11,1.02,-0.24,-0.49,-0.12,,,
495281,-0.07,-0.11,1.02,-0.18,-0.73,-0.06,,,
495924,-0.07,-0.11,1.02,0.06,-0.37,-0.06,,,
496524,-0.07,-0.11,1.02,-0.18,-0.43,-0.06,,,
497125,-0.07,-0.11,1.02,-0.18,-0.43,-0.06,,,
497725,-0.07,-0.11,1.02,-1.16,-0.73,-0.24,,,
498326,-0.07,-0.11,1.02,-0.49,-0.31,-1.04,,,
498927,-0.07,-0.11,1.02,-6.35,-0.79,-2.44,,,
499528,-0.07,-0.14,1.02,-0.37,-0.55,-0.24,,,
500128,-0.07,-0.14,1.02,-0.06,-0.49,-0.12,,,
500737,-0.07,-0.14,1.02,-0.31,-0.49,0.00,,,
501338,-0.07,-0.13,1.02,-0.24,-0.61,0.00,,,
501938,-0.07,-0.13,1.02,-0.85,-0.67,0.12,,,
502540,-0.07,-0.13,1.02,-0.24,-0.49,-0.06,,,
503184,-0.07,-0.13,1.02,-0.18,-0.37,-0.06,,,
503784,-0.07,-0.13,1.02,-0.18,-0.43,-0.06,,,
504385,-0.07,-0.13,1.02,-0.06,-0.37,-0.06,,,
504985,-0.07,-0.13,1.02,0.00,-0.31,-0.12,,,
505586,-0.07,-0.13,1.02,-0.31,-0.73,-0.12,,,
506187,-0.07,-0.13,1.02,-0.31,-0.49,-0.06,,,
506787,-0.07,-0.13,1.02,-0.43,-0.55,-0.06,,,
507397,-0.07,-0.13,1.02,-0.31,-0.37,-0.06,,,
507997,-0.07,-0.13,1.02,-0.18,-0.55,-0.06,,,
508599,-0.07,-0.13,1.02,-0.31,-0.55,-0.12,,,
509199,-0.07,-0.13,1.02,-0.24,-0.37,-0.06,,,
509801,-0.07,-0.13,1.02,0.55,-0.61,-0.12,,,
510443,-0.07,-0.13,1.02,-0.12,-0.43,-0.12,,,
511043,-0.07,-0.13,1.02,0.06,-0.31,-0.06,,,
511645,-0.07,-0.13,1.02,-0.37,-0.67,-0.06,,,
512245,-0.07,-0.13,1.02,-0.18,-0.55,-0.06,,,
512846,-0.07,-0.12,1.02,-0.18,-0.49,-0.12,,,
513447,-0.07,-0.12,1.02,0.06,-0.61,-0.06,,,
514055,-0.07,-0.12,1.02,0.18,-0.43,-0.12,,,
514656,-0.07,-0.12,1.02,-0.31,-0.43,-0.06,,,
515257,-0.07,-0.12,1.02,-0.18,-0.67,-0.12,,,
515858,-0.07,-0.12,1.02,-0.79,-0.61,0.06,,,
516458,-0.07,-0.12,1.02,-0.12,-0.49,-0.12,,,
517058,-0.07,-0.12,1.02,-0.31,-0.37,-0.06,,,
517702,-0.07,-0.12,1.02,-0.06,-0.49,-0.06,,,
518302,-0.07,-0.12,1.02,-0.18,-0.43,-0.06,,,
518903,-0.07,-0.12,1.02,-0.12,-0.49,-0.12,,,
519503,-0.07,-0.12,1.02,-0.12,-0.43,0.00,,,
520104,-0.07,-0.12,1.02,-0.31,-0.43,-0.06,,,
520713,-0.07,-0.12,1.02,-0.49,-0.49,-0.06,,,
521313,-0.07,-0.12,1.02,-0.18,-0.43,-0.06,,,
521915,-0.07,-0.12,1.02,-0.12,-0.43,-0.06,,,
522515,-0.07,-0.12,1.02,-0.43,-0.67,-0.12,,,
523116,-0.07,-0.12,1.02,0.00,-0.49,-0.06,,,
523716,-0.07,-0.12,1.02,-0.24,-0.73,-0.06,,,
524316,-0.07,-0.12,1.02,-0.18,-0.49,-0.06,,,
524960,-0.07,-0.12,1.02,-0.24,-0.49,-0.12,,,
525560,-0.07,-0.12,1.02,-0.24,-0.61,-0.06,,,
526161,-0.07,-0.12,1.02,-0.18,-0.43,-0.06,,,
526761,-0.07,-0.12,1.02,0.00,-0.55,0.00,,,
527369,-0.07,-0.12,1.02,-0.24,-0.49,-0.12,,,
527971,-0.07,-0.12,1.02,-0.18,-0.55,-0.06,,,
528571,-0.07,-0.12,1.02,-0.37,-0.49,-0.06,,,
529172,-0.07,-0.12,1.02,-0.06,-0.55,-0.06,,,
529772,-0.07,-0.12,1.02,-0.24,-0.43,-0.06,,,
530374,-0.07,-0.12,1.02,-0.18,-0.37,-0.06,,,
530974,-0.07,-0.12,1.02,-0.12,-0.43,-0.06,,,
531574,-0.07,-0.12,1.02,0.00,-0.49,-0.12,,,
532218,-0.07,-0.12,1.02,0.18,-0.61,-0.18,,,
532819,-0.07,-0.12,1.02,-0.24,-0.49,-0.06,,,
533420,-0.07,-0.12,1.02,-0.43,-0.55,0.00,,,
534029,-0.07,-0.12,1.02,-0.12,-0.43,-0.06,,,
534629,-0.07,-0.12,1.02,-0.24,-0.61,-0.06,,,
535230,-0.07,-0.12,1.02,-0.06,-0.43,-0.12,,,
535830,-0.07,-0.12,1.02,-0.12,-0.55,-0.12,,,
536432,-0.07,-0.12,1.02,-0.24,-0.43,-0.06,,,
537032,-0.07,-0.12,1.02,-0.37,-0.49,-0.06,,,
537632,-0.07,-0.12,1.02,-0.55,-0.73,-0.18,,,
538233,-0.07,-0.12,1.02,-0.06,-0.37,-0.12,,,
538833,-0.07,-0.12,1.02,0.00,-0.37,-0.06,,,
539476,-0.07,-0.12,1.02,-0.18,-0.61,-0.06,,,
540076,-0.07,-0.12,1.02,-0.24,-0.43,0.00,,,
540686,-0.07,-0.12,1.02,-0.24,-0.43,-0.06,,,
541286,-0.07,-0.12,1.02,0.43,-0.67,-0.18,,,
541886,-0.07,-0.12,1.02,-0.24,-0.43,-0.06,,,
542488,-0.07,-0.12,1.02,-0.06,-0.67,-0.06,,,
543087,-0.07,-0.12,1.02,-0.31,-0.43,0.00,,,
543688,-0.07,-0.12,1.02,-0.24,-0.43,-0.06,,,
544289,-0.07,-0.12,1.02,-0.73,-0.73,-0.06,,,
544889,-0.07,-0.12,1.02,-2.14,-0.85,0.49,,,
545490,-0.07,-0.12,1.02,0.06,-0.37,0.00,,,
546089,-0.07,-0.12,1.02,-0.18,-0.43,-0.06,,,
546734,-0.07,-0.12,1.02,-0.73,-0.73,0.06,,,
547343,-0.07,-0.12,1.02,-0.61,-0.55,3.17,,,
547943,-0.10,-0.70,0.73,-56.88,-1.40,1.16,,,
548544,-0.04,-0.82,0.58,-5.86,3.48,2.14,,,
549145,-0.05,-0.91,0.50,-42.66,0.73,4.21,,,
549746,-0.03,-0.95,0.35,-4.94,-8.18,7.26,,,
550346,-0.06,-0.95,0.34,1.53,5.80,-5.07,,,
550947,-0.03,-0.97,0.28,-1.34,0.92,3.23,,,
551547,-0.06,-0.97,0.29,3.11,10.50,-1.83,,,
552147,-0.01,-0.97,0.29,-1.83,0.43,0.92,,,
552748,-0.04,-0.98,0.27,-0.49,0.43,-0.43,,,
553348,-0.04,-0.98,0.25,-0.55,-0.73,0.85,,,
554000,-0.04,-0.98,0.25,-0.79,-0.49,0.24,,,
554600,-0.04,-0.98,0.25,0.18,-0.73,-0.31,,,
555200,-0.05,-0.98,0.25,-0.43,-0.43,0.24,,,
555801,-0.04,-0.98,0.25,-0.61,-0.18,0.79,,,
556401,-0.05,-0.98,0.25,-1.28,0.43,-0.61,,,
557002,-0.05,-0.99,0.24,-1.10,-3.11,-0.61,,,
557601,-0.07,-0.99,0.19,1.22,-1.59,0.49,,,
558201,-0.07,-0.99,0.17,-1.28,-5.25,-0.73,,,
558803,-0.08,-0.98,0.24,1.34,0.85,1.22,,,
559402,-0.09,-0.97,0.26,-0.06,-0.92,0.61,,,
560004,-0.09,-0.97,0.26,-0.37,-0.37,1.34,,,
560612,-0.08,-0.97,0.27,-0.73,-0.55,0.12,,,
561257,-0.08,-0.97,0.27,-0.85,-0.85,-0.79,,,
561858,-0.09,-0.97,0.26,-0.31,0.18,-1.34,,,
562458,-0.09,-0.98,0.26,-0.24,-0.18,-0.24,,,
563059,-0.09,-0.97,0.27,0.12,-1.10,0.67,,,
563659,-0.09,-0.98,0.26,0.37,-0.06,-0.61,,,
564260,-0.09,-0.97,0.27,0.12,-0.31,-0.24,,,
564860,-0.09,-0.97,0.27,0.00,-0.37,0.49,,,
565459,-0.09,-0.97,0.27,-0.73,-1.04,0.00,,,
566060,-0.09,-0.97,0.26,-0.12,-0.18,-0.06,,,
566661,-0.09,-0.97,0.27,-0.18,-0.49,0.43,,,
567262,-0.09,-0.97,0.27,-0.49,-0.67,-0.31,,,
567912,-0.09,-0.97,0.26,-0.18,-0.31,0.06,,,
568513,-0.09,-0.97,0.27,-0.37,-0.43,0.61,,,
569114,-0.09,-0.97,0.26,-0.37,-0.49,-0.31,,,
569714,-0.09,-0.97,0.27,0.12,0.06,0.73,,,
570315,-0.10,-0.97,0.27,-0.73,-0.85,0.49,,,
570916,-0.09,-0.97,0.26,-0.49,-0.67,-0.55,,,
571517,-0.10,-0.98,0.26,-0.24,-0.43,0.37,,,
572118,-0.09,-0.97,0.26,-0.55,-0.31,0.49,,,
572718,-0.09,-0.97,0.26,-0.24,-0.55,-0.79,,,
573320,-0.09,-0.97,0.26,-0.55,-0.43,0.24,,,
573919,-0.09,-0.97,0.26,-0.31,-0.24,0.00,,,
574529,-0.08,-0.97,0.26,0.61,-0.31,-0.98,,,
575129,-0.07,-0.98,0.26,-2.69,-0.73,-3.17,,,
575773,-0.05,-0.98,0.25,-1.40,-0.24,-4.88,,,
576374,-0.01,-0.98,0.23,-3.30,2.26,-0.55,,,
576975,-0.02,-1.00,0.18,-3.66,3.66,-0.67,,,
577576,-0.04,-1.00,0.03,-16.42,-0.55,0.06,,,
578176,-0.04,-0.97,-0.13,-11.05,-8.73,3.17,,,
578777,-0.21,-0.89,-0.22,18.68,-3.48,-6.53,,,
579379,0.03,-0.99,-0.27,-51.51,-55.05,-34.55,,,
579979,0.18,-0.86,-0.46,-8.85,14.22,8.18,,,
580580,0.28,-0.89,-0.48,-4.46,-58.35,-4.03,,,
581173,0.12,-0.86,-0.39,4.09,18.07,-11.54,,,
581775,0.68,-0.83,-0.23,87.22,-17.15,-38.94,,,
582376,0.76,-0.63,-0.19,14.95,-8.36,12.15,,,
582977,0.65,-0.80,0.01,12.39,14.34,3.85,,,
583621,0.56,-0.89,0.03,-32.17,-8.24,9.34,,,
