Time,AccelX,AccelY,AccelZ,GyroX,GyroY,GyroZ,MagX,MagY,MagZ
28,-0.02,-0.64,0.85,-18.68,-47.36,42.24,,,
620,0.18,-0.76,0.59,91.00,45.17,-46.51,,,
1213,0.02,-0.54,0.98,65.61,-79.10,-78.43,,,
1806,-0.06,-0.26,0.88,25.27,-2.14,17.33,,,
2398,0.06,-0.36,0.96,-5.68,-7.87,7.51,,,
2989,0.05,-0.40,0.95,0.49,-10.38,2.26,,,
3581,0.06,-0.46,0.99,39.61,-23.25,3.23,,,
4214,0.03,-0.40,0.95,-7.39,-0.24,-0.24,,,
4807,0.09,-0.44,0.92,-11.35,2.69,4.03,,,
5398,0.08,-0.45,0.90,-8.61,-2.62,-2.32,,,
5991,0.07,-0.43,0.93,3.78,15.50,1.16,,,
6591,0.05,-0.45,0.97,-2.38,0.37,0.24,,,
7183,0.01,-0.73,0.99,-91.86,-8.18,-13.92,,,
7776,-0.05,-0.64,0.77,7.93,40.89,-12.33,,,
8368,-0.04,-0.68,0.84,30.88,-12.02,-20.75,,,
8962,0.15,-0.59,0.90,11.41,-55.79,67.38,,,
9554,0.03,-0.51,0.85,-7.51,-0.06,-11.41,,,
10146,0.14,-0.51,1.02,8.00,-3.11,8.00,,,
10737,0.12,-0.41,0.92,23.38,-13.12,-12.63,,,
11373,0.11,-0.47,0.89,0.43,-5.13,5.86,,,
11966,0.08,-0.48,0.87,-14.59,11.72,-27.04,,,
12558,0.09,-0.45,0.84,-40.16,6.65,-0.73,,,
13160,0.01,-0.76,0.75,-9.83,16.66,-22.83,,,
13752,0.06,-0.71,0.71,-1.22,1.34,-5.00,,,
14344,0.00,-0.70,0.76,27.47,59.51,-23.38,,,
14937,0.04,-0.46,0.97,28.44,71.72,-113.59,,,
15530,0.00,-0.64,0.84,18.55,-42.85,5.98,,,
16123,-0.04,-0.54,0.88,-4.58,8.61,-7.93,,,
16715,0.26,-0.73,0.88,36.93,-69.89,32.35,,,
17308,0.18,-0.62,0.85,-28.87,16.54,-10.01,,,
17901,0.09,-0.73,0.81,48.40,77.88,-72.33,,,
18536,-0.01,-0.74,0.83,-8.42,35.77,-5.86,,,
19129,0.14,-0.65,0.90,8.36,-42.36,-1.65,,,
19730,0.09,-0.55,0.53,-40.89,60.06,-56.76,,,
20324,0.12,-0.55,0.76,46.45,-0.12,102.54,,,
20916,0.03,-0.71,0.70,-38.27,21.73,-87.10,,,
21509,0.04,-0.48,0.79,-59.81,-0.55,14.71,,,
22102,0.24,-0.76,0.78,78.43,-14.34,-39.18,,,
22695,0.10,-0.52,0.73,-21.30,17.46,-30.58,,,
23289,0.15,-0.67,0.69,-121.03,-28.14,59.88,,,
23881,0.06,-0.88,0.85,68.91,-26.67,9.28,,,
24474,0.07,-0.77,0.63,39.67,48.40,-38.27,,,
25067,0.07,-0.62,0.83,8.12,-62.01,60.18,,,
25659,0.05,-0.77,0.69,-18.25,29.17,-50.48,,,
26304,0.22,-0.54,0.73,-53.47,14.34,36.01,,,
26897,0.19,-0.58,0.95,64.27,30.82,-11.29,,,
27490,0.17,-0.78,0.74,-0.79,18.25,-31.13,,,
28083,0.08,-0.54,0.82,56.95,-18.43,74.40,,,
28675,0.17,-0.56,0.80,-21.18,42.48,-87.28,,,
29268,0.04,-0.51,0.76,-130.86,25.21,-31.49,,,
29860,0.16,-0.59,1.12,58.29,25.82,-26.73,,,
30454,0.11,-0.53,0.71,-35.77,30.58,-45.47,,,
31046,0.16,-0.43,0.92,-156.19,13.43,13.98,,,
31640,-0.05,-0.48,0.91,-231.57,29.48,54.75,,,
32233,-0.10,-0.63,0.67,-8.00,-48.40,43.09,,,
32876,0.36,-0.79,0.88,88.44,11.66,-53.47,,,
33470,0.06,-0.80,0.61,0.18,17.70,-86.67,,,
34062,0.10,-0.72,1.13,87.04,14.89,10.56,,,
34655,0.30,-0.62,0.81,44.62,-94.36,75.50,,,
35247,0.10,-0.92,0.44,-58.17,55.97,-63.29,,,
35840,0.09,-0.79,1.15,127.32,52.86,23.07,,,
36432,0.17,-0.71,0.61,43.15,-26.37,123.66,,,
37025,0.16,-1.14,0.49,169.49,-82.82,53.04,,,
37618,0.03,-0.74,0.57,-82.58,-13.98,-25.09,,,
38211,0.13,-0.78,0.66,-13.73,94.12,-75.20,,,
38805,0.16,-0.55,0.76,-131.16,-7.51,44.19,,,
39406,0.05,-0.89,0.60,3.85,-22.40,-32.29,,,
39998,0.05,-0.91,0.48,-12.45,43.27,1.28,,,
40634,-0.02,-0.89,0.32,-12.76,-3.85,5.00,,,
41226,-0.04,-0.79,0.39,-63.90,14.10,58.53,,,
41820,-0.15,-0.98,0.40,-3.23,20.63,-49.62,,,
42412,0.35,-0.83,0.91,70.13,-28.20,-24.78,,,
43005,0.33,-0.73,0.55,-45.17,11.47,44.92,,,
43598,0.11,-0.96,0.26,-1.77,-5.43,-3.78,,,
44190,0.15,-0.94,0.32,8.18,-24.17,-3.78,,,
44783,0.18,-0.93,0.38,-0.55,-1.28,1.10,,,
45375,0.20,-0.88,0.51,42.11,15.44,-18.25,,,
45969,0.12,-0.81,0.68,2.32,-7.51,8.73,,,
46569,0.14,-0.54,0.80,40.65,-50.66,17.76,,,
47162,0.06,-0.64,0.80,1.04,6.65,8.61,,,
47797,0.10,-0.68,0.64,-9.89,-0.06,1.89,,,
48388,0.09,-0.78,0.69,-1.65,1.34,0.18,,,
48981,-0.02,-0.88,0.52,-27.53,18.98,-15.32,,,
49574,-0.07,-0.87,0.51,0.49,34.67,-18.55,,,
50167,0.13,-0.81,0.60,-0.49,-2.50,-3.72,,,
50759,0.06,-0.83,0.59,-22.28,-55.85,50.11,,,
51352,0.14,-0.90,0.47,-18.62,-82.70,-14.89,,,
51946,0.29,-0.92,-0.01,-14.10,27.16,15.81,,,
52538,0.12,-1.00,0.09,16.97,0.79,3.54,,,
53140,0.16,-0.98,0.11,2.93,0.73,0.61,,,
53731,0.15,-0.95,0.20,0.12,-2.81,2.44,,,
54323,0.15,-0.95,0.12,-10.93,-52.49,8.67,,,
54958,0.16,-0.98,0.10,-0.55,-0.06,4.46,,,
55551,0.15,-0.99,0.11,-5.00,-12.02,0.73,,,
56144,-0.01,-1.05,0.02,15.14,-9.46,2.14,,,
56736,-0.05,-1.00,0.11,1.22,-1.40,4.03,,,
57329,-0.08,-1.00,0.13,-0.73,-0.06,0.24,,,
57921,0.15,-0.96,-0.13,20.32,75.87,-6.04,,,
58513,0.18,-1.01,-0.05,11.41,17.70,-0.18,,,
59106,0.15,-0.99,0.01,-2.93,2.38,0.73,,,
59707,0.16,-1.00,-0.00,-0.79,0.79,-0.31,,,
60300,0.16,-1.00,0.00,-1.28,-1.59,0.98,,,
60892,0.14,-0.99,-0.01,-5.74,14.59,-1.95,,,
61485,0.24,-0.97,0.12,2.62,-0.92,-1.22,,,
62119,0.26,-0.96,0.14,-1.65,-0.18,2.26,,,
62711,0.22,-1.01,0.15,0.49,2.20,0.73,,,
63304,0.21,-0.95,0.05,-0.18,-8.36,4.70,,,
63896,0.25,-0.62,0.78,55.05,-16.97,37.84,,,
64489,-0.13,-0.48,0.89,-0.61,61.77,-9.28,,,
65082,-0.16,-0.61,0.73,-9.89,-14.89,-12.27,,,
65674,-0.30,-0.67,0.85,-6.84,45.41,3.30,,,
66267,-0.23,-0.47,0.83,-16.78,11.72,-13.98,,,
66868,-0.40,-0.50,0.84,-8.24,40.04,1.71,,,
67461,-0.35,-0.59,0.96,-19.65,31.19,24.05,,,
68054,-0.54,-0.55,0.77,80.99,4.46,4.21,,,
68647,-0.14,-0.56,0.84,50.96,-34.79,29.72,,,
69240,-0.28,-0.33,0.91,22.40,9.46,13.61,,,
69875,-0.15,-0.41,1.00,-12.82,-25.82,-15.99,,,
70469,0.19,-0.58,0.75,-55.79,13.98,-0.85,,,
71062,0.16,-0.89,0.61,-34.73,30.88,-18.07,,,
71655,0.43,-0.81,0.49,-29.05,-17.27,-1.16,,,
72248,0.37,-0.75,0.70,-12.57,20.94,-13.49,,,
72842,0.23,-0.68,0.81,10.38,11.47,-5.37,,,
73443,0.15,-0.64,0.81,-46.94,1.71,8.73,,,
74036,0.15,-0.73,0.59,30.40,-5.00,-5.49,,,
74629,-0.13,-0.80,0.65,-8.54,-36.68,12.45,,,
75222,0.29,-0.86,0.66,-8.73,-81.79,-28.02,,,
75816,0.06,-0.93,0.26,-53.83,-39.55,33.69,,,
76409,0.10,-1.05,0.02,-19.29,24.60,8.61,,,
77044,-0.09,-1.00,-0.15,-29.54,1.59,15.87,,,
77637,0.08,-1.07,-0.12,-50.60,-8.79,-0.79,,,
78230,-0.29,-0.76,-0.27,56.40,-103.45,-33.87,,,
78824,-0.11,-1.02,-0.27,-34.91,-43.40,45.65,,,
79417,-0.04,-0.94,0.13,-48.71,-2.14,-12.33,,,
80019,0.09,-0.99,-0.12,-3.48,-52.61,-11.47,,,
80612,0.23,-1.05,-0.02,5.80,48.95,-24.11,,,
81205,0.17,-1.01,0.00,-7.75,54.99,21.97,,,
81798,0.06,-0.99,0.03,10.07,-13.43,-1.22,,,
82390,0.09,-1.01,0.04,-21.91,22.83,-1.89,,,
82984,0.18,-0.99,-0.13,-3.11,1.34,0.06,,,
83576,0.21,-1.00,-0.05,-5.00,71.84,-3.91,,,
84211,0.28,-0.95,0.17,-16.05,6.23,-11.78,,,
84804,0.30,-0.94,0.17,8.91,38.33,-12.82,,,
85397,0.35,-0.93,0.27,-1.16,1.40,0.85,,,
85989,0.33,-0.92,0.29,0.98,0.61,3.23,,,
86591,0.28,-0.95,0.23,-8.73,-38.02,20.51,,,
87183,0.13,-1.05,0.07,-0.67,-32.35,-4.39,,,
87776,0.19,-0.99,-0.03,-3.30,8.79,-6.53,,,
88369,0.15,-0.99,0.01,0.37,0.31,2.01,,,
88961,0.15,-0.99,0.03,5.00,-1.28,-0.12,,,
89554,0.25,-0.96,0.05,-2.93,-8.36,0.12,,,
90146,0.20,-0.98,0.30,62.44,14.34,-1.10,,,
90739,0.18,-0.60,0.68,10.68,24.66,-11.41,,,
91373,-0.01,-0.38,0.79,19.78,4.82,-55.48,,,
91966,0.03,-0.51,0.81,-67.08,-20.57,-14.95,,,
92560,0.03,-0.47,0.93,-29.11,24.11,-28.32,,,
93161,0.02,-0.51,0.83,41.08,-25.33,51.45,,,
93755,1.62,-0.33,0.97,139.04,-128.23,-159.61,,,
94348,0.32,-0.92,0.68,-30.46,27.16,-82.34,,,
94940,0.24,-0.93,0.55,-13.49,85.94,-40.34,,,
95534,-0.07,-0.90,-0.18,-8.85,62.68,-3.72,,,
96127,0.00,-0.92,-0.17,31.07,44.56,5.62,,,
96720,-0.05,-0.96,-0.15,-29.66,-2.08,12.45,,,
97313,0.06,-1.00,-0.19,-10.68,-17.09,25.45,,,
97906,-0.12,-0.92,-0.00,-11.78,-9.52,-1.22,,,
98499,-0.07,-0.99,-0.05,-26.98,6.41,-4.09,,,
99135,0.07,-1.01,-0.10,10.07,-14.53,-1.22,,,
99737,0.01,-0.99,-0.07,-0.67,6.41,1.95,,,
100329,0.05,-1.02,-0.07,3.54,-5.62,1.71,,,
100922,0.06,-0.99,-0.05,-0.49,8.67,-2.50,,,
101514,0.21,-0.96,0.11,-4.70,5.80,-8.61,,,
102107,0.27,-0.83,0.46,20.94,-34.91,13.37,,,
102700,0.22,-0.94,0.34,-2.01,0.18,-2.08,,,
103292,0.15,-0.86,0.31,41.75,12.08,-8.91,,,
103886,0.16,-0.88,0.54,-5.80,13.18,-2.93,,,
104478,0.10,-0.87,0.53,1.22,0.12,0.92,,,
105071,0.10,-0.89,0.50,-3.48,-4.03,1.89,,,
105663,0.12,-0.90,0.51,-0.06,0.12,-0.18,,,
106297,0.16,-0.78,0.48,37.84,-34.36,8.06,,,
106883,0.22,-0.59,0.79,44.31,-31.01,18.74,,,
107476,0.34,-0.51,0.80,12.63,-6.53,10.74,,,
108069,0.28,-0.49,0.78,19.53,14.40,17.15,,,
108662,0.15,-0.55,0.81,-7.75,10.44,-4.27,,,
109255,0.11,-0.41,0.95,-45.53,18.43,47.18,,,
109848,-0.00,-0.54,0.85,2.38,1.46,-5.19,,,
110440,-0.06,-0.53,0.91,-13.24,9.46,-14.40,,,
111034,-0.10,-0.57,0.89,4.88,5.43,-3.78,,,
111626,-0.10,-0.49,0.88,-3.91,-0.31,3.42,,,
112220,-0.10,-0.52,0.89,0.55,-7.75,-8.36,,,
112812,0.07,-0.60,0.75,4.70,5.62,10.01,,,
113456,0.19,-0.70,0.77,-14.16,-37.29,46.75,,,
114050,0.29,-0.76,0.60,-17.82,21.36,-12.39,,,
114643,0.15,-0.90,0.41,-7.87,31.25,-16.42,,,
115236,0.22,-0.87,0.41,4.64,-0.61,-3.72,,,
115829,0.27,-0.90,0.40,-3.66,-0.43,0.18,,,
116421,0.23,-0.91,0.29,-0.79,-7.08,1.34,,,
117014,0.10,-1.01,0.23,0.37,18.25,8.85,,,
117606,0.18,-0.99,0.20,9.70,-30.40,11.35,,,
118199,0.09,-0.99,0.14,1.89,3.42,2.44,,,
118791,0.06,-0.99,0.19,-0.49,0.06,2.87,,,
119384,0.04,-0.99,0.18,2.38,0.98,4.09,,,
119985,0.08,-1.01,0.17,-6.90,-15.14,-5.98,,,
120620,0.14,-1.02,0.09,-15.08,-68.97,-11.41,,,
121214,0.15,-0.98,0.09,-7.63,2.81,1.59,,,
121806,0.16,-0.99,0.11,0.24,0.98,-3.48,,,
122399,0.17,-1.00,0.16,-5.43,-6.77,6.10,,,
122991,0.09,-0.87,-0.08,-42.05,-12.63,28.08,,,
123585,0.05,-0.85,-0.06,118.65,0.49,-80.99,,,
124178,0.14,-1.03,0.37,-32.17,38.57,43.70,,,
124771,0.03,-1.08,0.16,-13.00,25.33,12.27,,,
125364,0.00,-0.97,0.15,-12.15,2.99,-1.65,,,
125956,-0.01,-1.00,0.16,2.08,-1.22,0.37,,,
126558,-0.01,-1.00,0.17,-0.92,0.06,0.31,,,
127150,0.03,-0.98,0.20,13.73,-16.11,5.37,,,
127743,-0.02,-0.96,0.29,-0.24,-0.18,3.60,,,
128378,0.21,-0.59,0.98,61.71,20.32,-4.52,,,
128971,0.01,-0.49,0.86,-42.36,-34.18,52.98,,,
129565,0.09,-0.45,0.85,0.31,28.32,-67.87,,,
130157,0.08,-0.49,0.89,22.28,38.02,12.33,,,
130750,-0.31,-0.36,0.81,-0.37,132.75,-90.94,,,
131343,0.01,-0.75,0.91,-249.63,-112.61,43.95,,,
131936,0.20,-0.96,0.10,-23.93,-54.32,20.51,,,
132530,-0.06,-0.96,-0.20,-0.98,-55.91,-25.15,,,
133131,-0.08,-1.04,-0.19,6.71,28.75,7.57,,,
133725,-0.10,-1.01,-0.06,-1.34,-29.05,-0.12,,,
134317,0.03,-0.99,-0.17,-9.09,2.93,-2.81,,,
134910,0.26,-0.96,-0.15,2.20,26.00,-17.21,,,
135545,0.31,-0.98,0.01,6.47,-74.28,65.73,,,
136137,0.27,-1.13,0.31,-40.53,-88.32,-28.44,,,
136731,0.69,-1.49,0.98,114.81,-34.97,77.45,,,
137324,0.10,-0.74,0.52,-24.05,21.55,2.69,,,
137917,0.21,-0.93,0.37,-6.04,15.44,-6.65,,,
138510,0.20,-0.94,0.40,-9.16,58.35,-33.20,,,
139102,0.39,-1.05,0.54,30.64,-20.02,59.39,,,
139704,0.11,-0.81,0.68,12.39,-13.43,9.83,,,
140296,0.16,-0.79,0.66,-1.46,4.15,-1.04,,,
140890,0.22,-0.84,0.56,-26.67,9.40,-22.09,,,
141482,0.40,-0.78,0.23,-31.43,-30.76,2.38,,,
142076,0.37,-0.95,-0.04,7.45,-30.21,55.60,,,
142711,0.18,-0.99,-0.01,-8.97,-8.54,7.39,,,
143304,0.14,-0.97,-0.18,-8.85,7.87,3.72,,,
143897,0.13,-1.02,-0.05,5.55,8.00,3.05,,,
144489,0.26,-0.83,0.17,83.01,10.13,-68.36,,,
145083,0.35,-0.53,0.51,28.81,200.62,-34.00,,,
145675,0.34,-0.49,0.75,16.05,68.42,-0.79,,,
146277,0.31,-0.55,0.93,88.20,20.14,-31.56,,,
146870,0.12,-0.64,1.00,119.93,45.53,8.06,,,
147462,0.35,-0.52,0.88,65.37,6.53,-26.43,,,
148056,0.08,-0.57,0.97,30.76,27.89,37.72,,,
148649,-0.12,-0.58,0.83,-8.36,47.73,-48.95,,,
149242,-0.18,-0.61,0.85,8.00,-15.26,-0.79,,,
149877,0.31,-0.89,0.45,-50.96,-45.78,-13.92,,,
150471,0.27,-0.92,-0.21,-2.99,-47.61,-11.23,,,
151065,0.21,-0.98,-0.11,13.12,14.40,-10.68,,,
151657,0.30,-0.96,0.11,-10.62,20.39,-71.35,,,
152251,0.42,-0.85,-0.26,-13.98,-42.11,42.30,,,
152853,-0.01,-0.87,-0.46,-4.33,-8.06,-3.36,,,
153445,-0.13,-0.86,-0.51,38.15,-11.66,35.40,,,
154038,-0.27,-0.90,-0.33,-3.05,0.85,-0.73,,,
154631,-0.30,-0.92,-0.31,-1.71,-0.43,-2.75,,,
155224,-0.31,-0.92,-0.30,-5.86,-4.94,-4.09,,,
155817,-0.42,-1.05,-0.10,34.97,-11.35,0.49,,,
156411,-0.03,-1.20,0.31,113.65,-134.34,-79.10,,,
157004,0.14,-0.90,0.47,2.56,-0.31,1.59,,,
157639,0.11,-0.97,0.30,-5.19,-5.00,12.45,,,
158233,0.10,-0.98,0.19,-2.75,24.11,-18.80,,,
158834,0.17,-0.91,-0.14,-15.69,-3.91,28.99,,,
159428,-0.25,-0.85,-0.06,95.03,-54.32,26.37,,,
160021,0.31,-1.10,0.38,-41.08,141.36,-7.63,,,
160614,0.43,-0.71,0.88,51.33,148.32,-26.79,,,
161207,-0.02,-0.69,0.64,0.92,-11.23,-15.32,,,
161799,0.26,-0.99,0.60,56.27,-80.81,65.00,,,
162393,0.09,-0.66,0.80,-97.72,-55.42,-2.44,,,
162986,0.22,-0.83,0.70,66.77,94.67,-58.96,,,
163579,0.16,-0.62,0.72,69.03,-20.32,50.35,,,
164214,0.14,-0.37,0.80,-38.21,36.25,-59.20,,,
164807,0.12,-0.61,1.20,-32.78,5.55,-12.02,,,
165409,0.15,-0.70,0.73,8.12,4.15,-28.20,,,
166002,-0.72,-0.91,-1.28,-73.43,188.66,-197.57,,,
166596,0.03,-3.32,0.29,-305.73,33.69,-3.05,,,
167189,0.60,-0.87,1.26,-338.38,-0.79,-29.24,,,
167783,0.21,-0.64,0.77,87.46,-1.71,85.27,,,
168375,0.20,-0.69,0.93,-7.69,86.12,-45.10,,,
168968,0.16,-0.67,0.84,21.06,18.92,-46.33,,,
169561,0.08,-0.76,0.76,62.50,-14.28,-11.41,,,
170154,0.14,-0.72,0.85,15.38,-22.71,4.58,,,
170747,0.19,-0.83,0.57,-12.70,21.36,-13.37,,,
171340,0.14,-0.85,0.47,0.67,7.32,-5.62,,,
171983,0.18,-0.85,0.51,-1.04,-1.28,0.55,,,
172576,0.19,-0.86,0.50,-0.92,-0.61,-0.79,,,
173169,0.20,-0.86,0.50,-2.08,-0.61,1.34,,,
173762,0.21,-0.87,0.48,-2.62,-10.01,4.09,,,
174354,0.20,-0.87,0.48,-1.16,-0.12,0.98,,,
174947,0.15,-0.82,0.51,-7.32,70.50,-42.72,,,
175540,0.16,-0.90,0.43,-20.08,25.09,-18.37,,,
176134,0.25,-0.95,0.28,-18.31,26.55,-15.32,,,
176727,0.20,-0.94,0.27,0.49,-4.82,3.85,,,
177319,0.22,-0.95,0.27,-0.49,4.09,0.67,,,
177912,0.23,-0.94,0.25,-2.93,-2.01,3.36,,,
178555,0.09,-0.97,0.36,1.16,-21.61,14.40,,,
179147,0.10,-0.91,0.37,33.57,-34.12,15.14,,,
179740,0.10,-0.95,0.33,-3.05,1.04,4.33,,,
180332,0.11,-0.92,-0.15,71.41,-127.20,54.08,,,
180926,-0.03,-0.80,0.71,10.25,-0.55,-13.18,,,
181518,0.13,-0.77,0.48,-10.50,31.13,-23.74,,,
182112,-0.15,-0.97,0.28,-16.05,-61.40,0.85,,,
182704,-0.01,-0.98,0.39,4.33,4.09,-1.77,,,
183297,-0.02,-0.93,0.28,-15.38,-5.31,-17.15,,,
183890,-0.04,-0.98,0.27,-4.82,-0.06,-4.46,,,
184483,0.07,-0.97,0.21,7.45,-82.64,-7.14,,,
185085,0.41,-0.88,0.53,68.18,-33.33,-69.76,,,
185732,0.10,-0.87,0.44,-54.14,-9.89,19.59,,,
186326,0.10,-0.97,0.27,-13.00,-31.43,19.10,,,
186918,-0.31,-0.80,0.55,9.77,-14.34,-2.44,,,
187511,0.05,-0.90,0.51,-23.86,7.45,3.72,,,
188104,0.03,-0.92,0.49,2.93,-1.77,8.79,,,
188696,0.12,-1.00,0.41,9.46,-10.62,-15.32,,,
189289,0.03,-0.97,0.39,-3.85,-9.95,-6.23,,,
189881,0.06,-0.95,0.38,-0.43,-2.20,-1.46,,,
190473,0.09,-0.95,0.38,0.37,-3.66,1.89,,,
191066,0.09,-0.95,0.35,-0.67,-0.73,-0.37,,,
191667,0.10,-0.94,0.35,-1.59,-1.22,-0.49,,,
192260,0.09,-0.94,0.33,2.32,-1.04,0.37,,,
192893,0.11,-0.94,0.36,-0.92,-2.01,-0.92,,,
193486,0.16,-0.96,0.27,-1.04,-2.87,-3.91,,,
194078,0.16,-0.96,0.30,7.75,9.77,0.61,,,
194670,0.14,-0.95,0.35,-1.04,0.06,-1.28,,,
195263,0.13,-0.95,0.35,0.00,-2.20,-1.65,,,
195855,0.12,-0.97,0.31,-0.85,-0.98,0.24,,,
196448,0.12,-0.94,0.32,0.61,-1.83,0.06,,,
197040,0.11,-0.94,0.36,8.30,14.22,-4.33,,,
197633,0.07,-0.90,0.31,19.17,-17.03,2.20,,,
198234,0.08,-0.93,0.39,0.55,-5.74,-0.18,,,
198826,0.08,-0.93,0.39,-0.06,-1.28,0.67,,,
199419,0.07,-0.93,0.37,-0.98,-0.18,-0.85,,,
200054,0.10,-0.95,0.38,2.69,-0.98,-0.67,,,
200647,0.11,-0.93,0.43,0.85,-0.12,-0.18,,,
201239,0.11,-0.92,0.42,1.28,0.06,0.24,,,
201831,0.12,-0.92,0.43,-2.01,-0.31,0.43,,,
202424,0.12,-0.91,0.46,0.85,-0.85,-0.55,,,
203016,0.11,-0.91,0.44,-1.16,0.06,-0.98,,,
203609,0.12,-0.93,0.42,-1.59,-0.85,0.37,,,
204201,0.12,-0.91,0.43,0.12,-0.85,0.06,,,
204793,0.12,-0.92,0.41,0.49,-0.67,-0.06,,,
205393,0.13,-0.92,0.43,-2.14,0.06,-1.22,,,
205985,0.18,-0.94,0.31,-3.78,4.46,-7.32,,,
206579,0.15,-0.96,0.31,-3.48,4.46,0.43,,,
207213,0.14,-0.96,0.31,0.61,-0.85,0.67,,,
207805,0.14,-0.95,0.30,-0.49,0.98,-1.22,,,
208397,0.14,-0.95,0.30,-0.85,-1.04,-0.67,,,
208989,0.15,-0.96,0.30,0.24,-0.12,-0.61,,,
209582,0.15,-0.96,0.30,-0.31,-0.31,-0.12,,,
210174,0.15,-0.96,0.30,-0.31,0.79,0.61,,,
210767,0.14,-0.95,0.31,0.37,-2.26,-0.73,,,
211358,0.14,-0.96,0.30,-0.37,-0.73,0.37,,,
211960,0.14,-0.95,0.31,-0.06,-1.22,0.18,,,
212551,0.14,-0.96,0.31,-0.06,0.61,0.37,,,
213143,0.14,-0.96,0.30,-0.67,-0.12,-0.37,,,
213736,0.14,-0.96,0.30,-1.46,1.77,-1.83,,,
214372,0.17,-0.99,0.16,2.01,-0.55,0.92,,,
214964,0.11,-0.91,0.47,23.68,1.40,17.46,,,
215556,0.15,-0.87,0.52,-10.13,3.66,-20.69,,,
216148,0.19,-0.86,0.50,1.28,-5.55,0.49,,,
216741,0.20,-0.87,0.51,0.92,-2.56,7.93,,,
217333,0.12,-0.86,0.54,-0.92,-0.92,2.69,,,
217926,0.12,-0.86,0.54,2.26,-2.14,2.93,,,
218517,0.11,-0.86,0.54,-0.55,-0.61,-0.55,,,
219119,0.10,-0.88,0.52,-19.23,10.07,-8.54,,,
219711,0.12,-0.96,0.34,0.79,-2.50,-0.31,,,
220303,0.11,-0.96,0.34,-2.44,-0.12,0.00,,,
220896,0.12,-0.96,0.33,-0.24,-0.98,0.85,,,
221530,0.11,-0.95,0.33,-0.18,-0.43,0.12,,,
222123,0.12,-0.95,0.32,0.06,-0.55,-1.16,,,
222714,0.12,-0.96,0.32,-0.92,-1.04,1.34,,,
223306,0.12,-0.96,0.32,-0.12,-0.67,1.53,,,
223898,0.11,-0.95,0.32,0.18,-0.37,-1.16,,,
224490,-0.03,-1.19,0.33,84.66,-50.66,8.73,,,
225083,0.21,-0.63,0.95,-10.07,41.20,-50.96,,,
225685,0.23,-0.66,0.71,48.40,-19.59,71.90,,,
226278,0.15,-0.53,0.84,-48.95,-23.01,48.40,,,
226870,0.40,-0.51,0.78,-12.82,17.52,-31.19,,,
227464,0.06,-0.14,0.91,16.17,-51.45,26.12,,,
228057,0.37,0.48,0.59,-94.91,7.14,123.47,,,
228693,0.19,-0.78,0.78,-139.28,-160.77,226.26,,,
229287,0.03,-0.76,0.84,72.81,-16.11,19.10,,,
229880,0.10,-0.59,0.82,27.04,-0.12,41.81,,,
230472,0.12,-0.82,0.64,-12.08,12.82,-20.14,,,
231064,0.19,-0.72,0.71,-1.65,-7.26,-13.06,,,
231656,0.09,-0.82,0.63,-9.89,11.96,21.48,,,
232258,0.06,-0.87,0.63,-2.62,-4.27,1.34,,,
232850,0.18,-1.01,0.19,-25.51,-22.58,5.37,,,
233443,0.14,-0.96,0.27,-41.63,16.48,27.28,,,
234036,0.05,-0.96,0.02,-7.75,-31.68,-14.59,,,
234628,-0.01,-1.03,0.36,-7.39,-27.47,14.77,,,
235221,0.07,-0.99,0.23,1.04,-0.18,-0.67,,,
235855,0.21,-0.99,0.14,-24.78,15.08,-17.88,,,
236449,0.25,-1.00,0.11,-13.31,12.70,0.37,,,
237041,0.28,-0.98,0.27,3.30,3.91,-5.25,,,
237633,0.19,-0.98,-0.02,-12.88,51.21,11.23,,,
238226,0.19,-1.25,0.50,42.79,-3.97,17.52,,,
238827,0.64,-0.60,0.27,-5.37,-63.35,20.26,,,
239420,0.05,-0.77,0.73,-7.51,-17.09,40.41,,,
240013,0.16,-0.73,0.61,5.55,13.43,-10.86,,,
240606,-0.16,-0.76,0.77,-82.64,39.06,-66.28,,,
241199,0.17,-0.96,0.40,-12.88,42.66,-20.08,,,
241791,0.34,-0.85,0.55,-33.69,18.07,48.71,,,
242384,0.05,-0.81,0.52,50.29,-10.80,27.10,,,
243019,0.18,-0.73,0.74,35.40,-6.65,70.98,,,
243613,-0.16,-1.08,0.41,-83.25,-0.06,-41.69,,,
244205,0.27,-0.43,0.99,15.20,-15.99,41.44,,,
244799,0.22,-0.55,0.83,-53.41,12.76,-13.49,,,
245383,0.21,-0.86,0.51,77.94,-79.65,4.88,,,
245976,0.35,-0.32,0.94,64.94,-165.04,162.78,,,
246570,0.29,-0.54,0.97,56.95,-40.65,15.44,,,
247162,0.07,-0.52,0.66,-47.55,57.37,-30.82,,,
247756,0.24,-0.56,0.85,42.18,-34.42,68.85,,,
248349,0.15,-0.68,0.76,-7.93,31.19,-80.87,,,
248942,0.13,-0.46,0.82,-95.83,13.24,-0.49,,,
249534,0.23,-1.09,0.59,18.43,-46.88,31.80,,,
250169,0.25,-0.63,0.84,-83.62,115.23,-96.68,,,
250763,0.33,-0.76,0.73,-37.29,-35.40,37.78,,,
251364,0.07,-0.82,0.61,2.14,100.10,-61.34,,,
251958,-0.24,-0.54,0.81,-56.95,61.71,28.44,,,
252550,1.05,-1.22,1.09,179.02,92.77,124.21,,,
253144,0.12,-0.71,0.66,9.03,39.25,-27.40,,,
253737,0.11,-0.48,0.85,-106.20,19.17,32.53,,,
254330,0.25,-0.67,0.96,102.23,-18.43,-11.72,,,
254923,0.07,-0.55,0.87,-20.63,11.35,-29.72,,,
255516,0.16,-0.82,0.54,18.49,-52.49,104.74,,,
256109,0.22,-0.57,1.14,46.51,-7.32,-28.56,,,
256702,0.08,-0.55,0.63,-49.44,30.88,-0.37,,,
257294,0.17,-0.70,0.69,-74.40,-61.16,133.00,,,
257940,0.18,-0.93,0.65,1.34,-57.01,9.09,,,
258532,0.02,-0.70,0.86,-21.36,17.40,11.29,,,
259125,0.12,-0.65,0.85,36.68,-51.51,63.54,,,
259717,0.15,-0.78,0.65,-16.05,58.04,-80.81,,,
260310,0.04,-0.34,0.88,-60.49,53.34,-39.43,,,
260903,0.19,-0.54,1.00,53.22,-18.19,3.78,,,
261495,0.36,-0.58,0.72,5.07,-86.24,45.10,,,
262088,0.18,-0.65,0.67,19.78,42.05,-53.83,,,
262680,0.25,-0.67,0.79,59.63,-48.52,77.82,,,
263273,0.11,-0.62,0.74,-78.98,-37.17,-34.55,,,
263865,0.22,-0.47,0.98,55.05,7.57,-2.81,,,
264508,0.37,-0.60,0.77,13.37,-43.40,45.41,,,
265101,0.29,-0.71,0.59,-43.58,7.26,-32.10,,,
265693,0.38,-0.72,0.55,6.10,-15.38,11.17,,,
266286,0.45,-0.87,0.50,1.65,1.28,4.27,,,
266878,0.27,-0.92,0.40,-22.52,31.25,-12.94,,,
267470,0.30,-0.71,0.72,59.57,-58.11,14.95,,,
268063,0.22,-0.76,0.76,-66.04,50.23,23.38,,,
268656,0.29,-0.69,0.77,-31.92,-42.66,42.54,,,
269249,0.24,-0.92,0.32,-10.56,-15.87,5.86,,,
269841,0.34,-0.88,0.30,-8.12,-2.62,9.34,,,
270434,0.21,-0.99,0.02,-4.82,1.04,1.46,,,
271034,0.11,-0.98,0.05,-10.99,-13.67,1.10,,,
271670,0.06,-1.01,-0.06,8.42,-13.79,15.99,,,
272263,0.02,-0.99,-0.03,2.62,-5.74,1.10,,,
272855,0.02,-1.00,0.03,2.81,-0.06,-7.81,,,
273448,0.11,-1.02,0.07,-10.25,10.80,-8.91,,,
274040,0.27,-0.99,0.16,4.21,26.12,-8.67,,,
274632,0.29,-0.94,0.23,-0.79,2.44,-1.34,,,
275223,0.29,-0.94,0.22,-0.49,-0.67,-0.85,,,
275815,0.28,-0.94,0.21,-1.53,0.37,-0.12,,,
276408,0.26,-0.98,0.22,0.73,-2.26,3.42,,,
277000,0.26,-0.96,0.24,-1.04,2.38,2.75,,,
277601,0.21,-0.96,0.24,3.36,2.32,-3.66,,,
278193,0.24,-0.96,0.27,0.67,-0.49,0.49,,,
278827,0.31,-0.86,0.35,8.30,88.81,-68.91,,,
279420,0.18,-0.56,0.83,30.88,35.64,-4.15,,,
280013,0.00,-0.43,0.80,-29.91,-15.75,-58.78,,,
280606,-0.07,-0.93,0.57,-66.59,33.94,3.66,,,
281199,0.17,-0.91,0.41,10.68,-14.28,-8.61,,,
281792,0.24,-0.87,0.60,-0.12,41.87,-70.43,,,
282384,0.17,-0.97,0.27,-3.23,-0.18,5.19,,,
282976,0.13,-0.94,0.20,-16.60,-6.10,-1.53,,,
283569,0.07,-1.00,0.13,1.04,-2.99,4.03,,,
284169,0.06,-1.00,0.10,-0.61,1.65,0.06,,,
284762,0.05,-1.01,0.12,0.37,0.12,-0.37,,,
285354,0.07,-0.98,0.15,19.84,35.64,-19.90,,,
285990,0.17,-0.99,0.13,5.74,-5.31,2.62,,,
286582,0.08,-0.93,0.33,46.94,0.37,1.53,,,
287174,-0.01,-0.95,0.36,-34.06,14.89,19.59,,,
287768,-0.16,-1.01,-0.00,-6.77,-5.31,7.57,,,
288360,-0.23,-0.92,-0.18,-25.57,-39.00,1.95,,,
288954,-0.21,-0.97,-0.18,-2.50,-0.79,-2.75,,,
289546,-0.20,-0.97,-0.17,-4.52,2.44,-10.80,,,
290139,-0.11,-1.00,-0.12,5.25,-1.71,-3.60,,,
290741,-0.09,-0.99,-0.12,7.51,1.10,-2.69,,,
291333,0.01,-1.05,-0.08,21.67,-1.16,-7.93,,,
291926,-0.03,-0.91,-0.07,87.59,8.30,6.90,,,
292519,-0.12,-0.99,0.22,-3.60,-2.75,4.58,,,
293154,-0.13,-0.98,0.21,-4.76,-4.21,1.71,,,
293746,-0.12,-0.99,0.20,0.37,0.18,0.24,,,
294337,-0.12,-0.99,0.18,1.16,-0.12,1.22,,,
294930,-0.03,-0.98,0.02,-16.66,2.01,-5.00,,,
295523,0.02,-0.92,0.23,41.44,-9.52,1.89,,,
296116,-0.09,-0.83,0.57,-3.66,-5.86,13.92,,,
296708,0.01,-0.67,0.74,133.36,-109.74,8.67,,,
297301,0.11,-0.47,0.89,32.90,-28.44,-23.38,,,
297903,-0.03,-0.50,0.98,-15.26,20.26,3.97,,,
298495,0.36,-0.84,0.84,-95.21,152.22,-107.60,,,
299089,0.10,-0.55,0.88,-27.83,-27.71,22.28,,,
299681,-0.60,-0.33,0.20,-165.28,44.49,326.54,,,
300318,0.45,-0.91,0.17,-21.24,-69.76,45.29,,,
300910,-0.08,-0.93,0.39,34.73,-18.13,35.95,,,
301503,-0.13,-0.81,0.37,28.50,10.07,13.79,,,
302096,-0.20,-0.79,0.75,68.42,-39.12,-9.95,,,
302689,-0.07,-0.51,0.92,78.92,-7.32,-23.50,,,
303282,0.18,-0.79,0.54,-56.76,4.70,17.03,,,
303883,0.53,-0.62,0.24,1.40,0.18,21.18,,,
304476,0.19,-0.97,0.29,15.63,5.25,10.86,,,
305069,0.19,-0.95,0.34,-1.59,-0.73,0.37,,,
305661,0.21,-0.94,0.32,-1.22,-3.36,-3.11,,,
306254,0.20,-0.94,0.30,-2.75,0.92,-0.92,,,
306846,0.19,-0.95,0.30,-0.24,-1.59,-1.40,,,
307480,0.21,-0.95,0.28,-0.92,0.31,-0.79,,,
308072,0.28,-0.94,0.21,-7.63,-47.49,10.44,,,
308664,0.25,-0.99,0.20,6.65,8.06,-9.83,,,
309257,0.24,-0.94,0.22,-0.12,2.50,-0.31,,,
309849,0.24,-0.96,0.22,0.37,-1.10,-0.85,,,
310441,0.25,-0.96,0.22,0.00,-1.16,0.49,,,
311025,0.23,-0.95,0.23,0.98,-1.28,0.49,,,
311617,0.25,-0.96,0.22,0.31,1.71,0.31,,,
312208,0.27,-0.83,0.28,61.40,0.31,-15.32,,,
312800,0.39,-0.50,0.71,-7.02,22.58,20.14,,,
313393,0.21,-0.44,0.92,-0.79,12.63,5.62,,,
313985,0.07,-0.78,1.21,79.96,17.82,-11.29,,,
314578,0.24,-0.74,0.84,77.94,51.33,-48.65,,,
315214,0.10,-0.54,0.79,-22.64,40.10,-31.80,,,
315806,0.04,-0.54,0.88,-3.05,6.23,61.52,,,
316399,0.06,-0.62,0.73,3.11,41.26,-68.12,,,
316991,0.25,-0.65,0.69,-42.42,-76.29,115.36,,,
317594,0.20,-0.61,1.15,74.40,-1.71,-9.64,,,
318186,0.16,-0.54,0.67,-65.55,17.15,-31.98,,,
318779,0.31,-0.67,0.64,-51.76,-45.10,78.74,,,
319371,0.20,-0.66,1.19,82.89,12.63,-6.77,,,
319963,0.15,-0.48,0.77,8.61,5.37,-100.89,,,
320556,-0.03,-0.70,1.38,93.81,11.23,45.53,,,
321149,0.02,-0.66,0.73,-16.60,-24.72,84.17,,,
321784,0.28,-0.61,1.12,64.76,2.87,7.14,,,
322376,0.18,-0.52,0.73,17.64,17.09,-90.39,,,
322969,0.11,-0.52,0.83,-100.46,18.01,-9.16,,,
323562,0.47,-0.62,0.97,108.83,-11.29,-52.92,,,
324164,0.31,-0.66,0.64,-3.23,2.50,4.15,,,
324757,0.43,-0.80,0.48,17.64,-38.88,26.98,,,
325349,0.45,-0.79,0.40,10.01,-24.66,5.37,,,
325942,0.44,-0.78,0.47,13.61,26.43,-15.87,,,
326535,0.32,-0.66,0.78,13.24,29.60,15.81,,,
327127,0.29,-0.50,0.89,-9.28,-24.78,33.39,,,
327720,0.39,-0.69,0.69,-38.02,-33.57,-7.20,,,
328313,0.35,-0.79,0.50,-11.29,-1.89,0.31,,,
328906,0.36,-0.84,0.42,-6.77,-3.91,-2.14,,,
329541,0.29,-0.79,0.40,-6.59,37.72,-19.17,,,
330135,0.37,-0.86,0.36,-4.15,4.09,0.55,,,
330736,0.35,-0.87,0.42,-4.46,8.73,-2.32,,,
331328,0.30,-0.82,0.54,0.85,56.95,-29.24,,,
331921,0.29,-0.55,0.92,16.17,43.64,-1.89,,,
332513,0.26,-0.49,0.86,28.81,-48.95,72.20,,,
333106,0.28,-0.70,0.73,23.19,-56.03,48.10,,,
333698,0.36,-0.68,0.68,-8.67,-12.76,-15.99,,,
334290,0.34,-0.81,0.42,-33.14,1.53,-6.41,,,
334884,0.47,-0.79,0.45,8.67,14.04,-23.93,,,
335476,0.29,-0.81,0.63,-24.66,12.76,-5.86,,,
336111,0.27,-1.02,-0.08,-81.54,-17.52,39.61,,,
336704,0.08,-1.02,0.21,29.42,-11.41,17.09,,,
337305,0.03,-1.00,0.07,-15.44,-17.70,10.93,,,
337898,-0.06,-1.07,0.21,41.14,4.52,6.77,,,
338490,0.03,-0.94,0.25,43.70,-24.48,4.15,,,
339083,0.20,-0.56,0.80,38.82,-12.51,17.64,,,
339675,-0.07,-0.57,0.84,-3.36,37.72,-11.66,,,
340269,-0.23,-0.55,0.84,18.19,-16.36,23.25,,,
340861,-0.27,-0.47,0.91,-0.67,26.79,-6.77,,,
341453,-0.42,-0.40,0.87,-30.70,41.87,22.46,,,
342046,-0.27,-0.26,0.88,-15.69,3.85,-9.46,,,
342639,-0.37,-0.21,0.92,-26.18,6.04,-14.59,,,
343284,-0.33,-0.30,0.92,18.92,-13.49,-20.69,,,
343877,-0.20,-0.27,1.01,-6.41,-23.93,-46.51,,,
344470,-0.01,-0.66,0.87,-46.33,11.60,18.49,,,
345062,0.01,-0.78,0.73,-10.56,-34.79,22.71,,,
345655,-0.04,-0.94,0.22,-35.89,-50.72,49.19,,,
346248,0.16,-0.96,0.28,2.50,-5.37,-2.50,,,
346840,0.27,-0.65,0.79,52.67,-24.23,-3.91,,,
347434,0.24,-0.60,0.85,-11.54,21.48,0.49,,,
348026,0.09,-0.78,0.67,-20.32,-21.36,-33.14,,,
348618,0.16,-0.79,0.56,8.97,-24.60,-5.55,,,
349211,0.17,-0.86,0.47,-26.86,5.62,-17.70,,,
349812,0.19,-0.88,0.48,-6.16,4.82,-1.95,,,
350446,0.20,-0.88,0.47,1.95,-2.01,0.49,,,
351038,0.19,-0.88,0.48,-1.46,-1.46,-0.06,,,
351631,0.19,-0.88,0.48,-0.92,-0.12,0.12,,,
352223,0.19,-0.88,0.49,0.49,-1.34,-1.16,,,
352814,0.18,-0.91,0.45,-8.30,-4.27,5.55,,,
353407,0.18,-0.91,0.42,-1.71,-0.12,-0.55,,,
353999,0.18,-0.91,0.42,-1.34,0.24,-0.37,,,
354591,0.18,-0.90,0.42,0.18,-0.43,-0.06,,,
355183,0.18,-0.91,0.42,-0.12,-0.73,0.24,,,
355775,0.18,-0.91,0.41,-0.31,-0.61,0.00,,,
356367,0.09,-0.92,0.19,-43.40,-32.96,-0.24,,,
356968,0.08,-0.99,0.11,-12.08,8.61,-8.36,,,
357604,0.05,-1.01,0.08,0.98,-0.79,-1.77,,,
358196,0.07,-1.00,0.09,-1.22,-0.92,0.49,,,
358788,0.03,-1.00,0.09,0.79,0.12,0.00,,,
359380,0.06,-1.00,0.12,6.47,2.56,-8.12,,,
359972,0.19,-0.83,0.59,17.52,47.42,-39.61,,,
360565,-0.03,-0.55,0.88,63.05,8.73,-15.56,,,
361157,-0.04,-0.25,1.01,-15.69,14.28,-21.18,,,
361751,-0.58,-0.63,0.62,-52.80,144.59,55.36,,,
362343,-0.95,-0.35,0.02,5.37,-18.43,9.89,,,
362936,-0.94,-0.27,0.28,0.49,4.52,0.24,,,
363536,-0.94,-0.26,0.28,1.46,-5.13,3.91,,,
364128,-0.94,-0.25,0.30,-0.06,-1.59,1.22,,,
364762,-0.94,-0.24,0.29,-0.61,3.36,-0.18,,,
365355,-0.94,-0.24,0.28,-0.06,-0.85,0.67,,,
365947,-0.94,-0.24,0.30,0.61,-2.01,2.26,,,
366539,-0.94,-0.22,0.32,0.31,-3.05,-1.16,,,
367131,-0.94,-0.23,0.31,-0.18,-0.24,0.49,,,
367724,-0.93,-0.23,0.33,-0.24,-0.18,0.06,,,
368316,-0.94,-0.22,0.32,-0.31,1.28,-1.53,,,
368909,-0.94,-0.21,0.33,0.43,-3.72,-0.06,,,
369501,-0.94,-0.22,0.32,-0.18,-0.79,-0.55,,,
370103,-0.94,-0.21,0.33,-0.12,0.37,-0.79,,,
370695,-0.94,-0.21,0.35,2.75,-2.99,5.62,,,
371287,-0.94,-0.21,0.34,0.06,-1.95,0.73,,,
371923,-0.94,-0.22,0.32,0.00,-0.49,0.61,,,
372515,-0.94,-0.21,0.33,0.12,-1.77,1.46,,,
373108,-0.94,-0.20,0.32,-0.24,-0.67,0.18,,,
373700,-0.94,-0.20,0.33,-0.43,-1.83,0.43,,,
374292,-0.93,-0.21,0.34,-0.43,0.98,-1.16,,,
374884,-0.94,-0.21,0.33,-1.28,2.62,-3.17,,,
375476,-0.94,-0.22,0.33,-0.43,1.16,-0.31,,,
376069,-0.93,-0.21,0.33,-0.18,0.55,0.98,,,
376670,-0.94,-0.20,0.34,0.00,0.24,-0.24,,,
377263,-0.94,-0.23,0.24,-55.91,1.83,-6.04,,,
377855,-0.93,-0.26,0.30,9.58,-22.71,26.67,,,
378447,-0.91,-0.12,0.44,-0.31,-0.79,-1.16,,,
379082,-0.92,-0.10,0.42,0.12,-1.16,-0.12,,,
379674,-0.92,-0.10,0.44,0.12,-0.79,0.43,,,
380267,-0.92,-0.10,0.41,0.92,-2.01,1.89,,,
380859,-0.92,-0.11,0.41,-0.43,1.53,-1.34,,,
381452,-0.92,-0.10,0.42,0.49,1.28,2.01,,,
382044,-0.92,-0.10,0.42,0.79,-1.46,0.18,,,
382636,-0.91,-0.10,0.43,-0.98,3.72,-2.69,,,
383238,-0.92,-0.10,0.43,0.37,-0.61,-0.12,,,
383830,-0.91,-0.10,0.44,-0.37,-0.55,-0.12,,,
384423,-0.91,-0.09,0.45,0.18,-2.14,1.04,,,
385015,-0.92,-0.09,0.44,-0.12,-0.31,-0.49,,,
385607,-0.91,-0.10,0.43,0.55,0.43,0.49,,,
386242,-0.91,-0.09,0.44,-0.31,-0.24,-0.18,,,
386835,-0.91,-0.10,0.44,-0.18,-1.53,0.67,,,
387428,-0.91,-0.10,0.45,-0.67,-2.87,0.18,,,
388020,-0.91,-0.09,0.44,0.43,-0.37,-1.22,,,
388612,-0.92,-0.09,0.43,-0.79,2.01,-0.37,,,
389204,-0.91,-0.08,0.45,0.55,-1.28,0.37,,,
389804,-0.91,-0.08,0.45,0.00,0.12,-0.55,,,
390397,-0.91,-0.09,0.45,-0.55,0.55,-0.49,,,
390989,-0.91,-0.08,0.45,0.06,-0.12,0.67,,,
391582,-0.91,-0.09,0.43,0.79,-3.05,1.53,,,
392174,-0.91,-0.09,0.45,-0.55,-1.16,0.61,,,
392766,-0.91,-0.08,0.45,-0.18,-1.22,-0.67,,,
393401,-0.91,-0.09,0.45,-1.16,-0.12,-0.37,,,
393993,-0.91,-0.09,0.44,-0.18,-1.04,-0.55,,,
394586,-0.50,-0.85,-0.09,-15.75,-25.45,32.84,,,
395179,-0.79,-0.44,-0.16,1.95,-54.99,-8.67,,,
395772,-0.91,-0.14,0.32,96.01,-56.46,159.91,,,
396373,-0.95,-0.07,0.36,-8.00,1.77,-7.32,,,
396966,-0.88,-0.01,0.50,3.11,7.20,-4.09,,,
397559,-0.85,0.01,0.56,-0.18,29.54,-4.46,,,
398151,-0.89,-0.02,0.50,11.54,7.20,-3.36,,,
398744,-0.94,-0.12,0.35,1.53,-17.40,7.75,,,
399336,-0.90,-0.40,0.13,-57.56,42.54,-82.76,,,
399929,-0.91,-0.36,0.24,-62.32,15.99,-44.43,,,
400565,-0.75,-0.44,0.53,-62.68,-35.89,-30.64,,,
401158,-0.84,-0.54,0.21,2.87,7.87,47.61,,,
401751,-0.91,-0.32,0.35,-2.69,-4.64,5.07,,,
402343,-0.89,-0.23,0.44,-2.08,3.97,0.06,,,
402945,-0.90,-0.32,0.36,3.11,-4.21,-2.08,,,
403537,-0.91,-0.28,0.36,-0.61,2.75,-1.77,,,
404129,-0.90,-0.27,0.39,90.21,62.99,-41.38,,,
404722,0.01,-0.94,0.55,24.78,-120.00,-168.27,,,
405315,0.47,-0.91,0.58,2.81,-63.78,24.54,,,
405908,0.24,-0.89,0.13,12.70,-84.17,-4.15,,,
406501,0.48,-0.26,0.81,5.98,17.09,135.01,,,
407094,0.43,-0.93,0.47,67.63,-28.20,-62.38,,,
407729,0.20,-0.50,0.67,-45.10,138.24,-95.28,,,
408321,0.25,-0.55,0.66,18.49,-28.38,20.87,,,
408915,0.22,-0.69,0.76,3.54,18.13,-32.71,,,
409516,0.42,-0.58,0.71,58.53,-63.42,38.09,,,
410109,0.27,-0.58,0.81,-17.03,-2.93,24.23,,,
410701,0.17,-0.68,0.75,-33.08,23.62,-9.58,,,
411293,0.14,-0.83,0.55,-3.60,0.73,4.64,,,
411886,0.22,-0.84,0.52,16.48,-67.75,14.59,,,
412478,0.28,-0.81,0.47,6.96,-16.05,-1.04,,,
413071,0.29,-0.79,0.55,-5.00,24.11,-19.90,,,
413663,0.32,-0.77,0.59,-12.82,37.23,-39.92,,,
414257,0.33,-0.76,0.59,1.89,-5.49,3.97,,,
414892,0.21,-0.84,0.49,-13.31,34.36,-10.86,,,
415485,0.18,-1.10,-0.10,-69.82,-12.39,-3.23,,,
416087,0.42,-0.83,0.40,30.70,50.96,-28.02,,,
416679,0.49,-0.54,0.82,-38.64,-31.92,-61.10,,,
417273,0.36,-0.68,1.14,-135.01,40.04,24.54,,,
417865,0.27,-0.80,0.70,-1.10,4.21,-46.02,,,
418457,0.19,-0.39,0.73,44.13,76.84,15.50,,,
419050,0.58,-1.32,0.61,19.53,-177.92,71.47,,,
419642,0.05,-0.64,0.81,-120.24,-21.67,-11.84,,,
420236,0.09,-0.47,0.91,22.28,-15.38,4.27,,,
420828,0.08,-0.47,0.92,28.44,-36.68,77.58,,,
421421,0.32,-0.53,0.81,-27.53,-86.30,24.48,,,
422055,0.36,-0.63,0.56,-7.39,-5.55,20.75,,,
422682,0.46,-0.71,0.61,21.42,-1.59,5.92,,,
423283,0.51,-0.52,0.67,37.90,-88.38,64.45,,,
423883,0.44,-0.68,0.49,-3.85,3.66,7.26,,,
424483,0.29,-0.72,0.64,-6.29,15.26,-10.99,,,
425083,0.19,-0.61,0.73,16.54,43.09,-49.01,,,
425684,0.14,-0.56,0.82,-50.72,-23.56,-16.42,,,
426285,0.20,-0.41,0.78,-6.77,-38.88,89.29,,,
426885,0.07,-0.42,0.96,9.70,3.17,9.40,,,
427485,0.21,-0.36,0.91,7.93,16.30,23.07,,,
428085,0.23,-0.51,0.88,14.53,-22.46,125.85,,,
428729,-0.36,-0.62,0.96,46.45,-14.53,11.47,,,
429338,-0.08,-0.56,0.77,-39.49,48.71,22.46,,,
429938,-0.25,-0.57,0.98,-24.66,-16.30,-23.44,,,
430540,-0.30,-0.39,0.79,48.65,22.34,-18.49,,,
431140,-0.56,-0.67,1.02,4.88,-45.10,-16.05,,,
431741,-0.34,-0.44,0.79,44.80,21.79,-6.71,,,
432341,-0.27,-0.33,0.74,21.12,2.56,33.63,,,
432941,-0.44,-0.61,1.13,40.41,-11.72,21.06,,,
433542,-0.51,-0.30,0.88,-1.34,-18.07,-16.97,,,
434143,-0.26,-0.34,0.95,-5.86,-5.62,-52.92,,,
434744,-0.06,-0.59,0.79,-63.72,-10.99,-15.93,,,
435345,0.05,-0.80,0.46,-49.93,0.98,11.29,,,
436035,0.12,-0.97,0.45,-1.40,-6.53,-0.55,,,
436636,0.10,-0.93,0.40,4.82,-41.08,8.73,,,
437236,0.15,-0.90,0.36,-9.58,21.30,-9.77,,,
437837,0.15,-0.66,0.66,101.26,-43.64,36.74,,,
438437,0.40,-0.50,0.86,84.17,70.01,31.25,,,
439037,0.31,-0.61,0.89,34.91,53.28,-65.98,,,
439638,0.34,-0.56,0.71,-62.32,-3.23,99.18,,,
440238,0.21,-0.66,0.91,-20.75,-19.04,70.50,,,
440840,0.26,-0.35,0.90,-53.16,-40.71,65.98,,,
441440,0.15,-0.67,0.67,-26.86,62.62,-55.85,,,
442041,0.20,-0.48,0.70,-103.39,22.95,18.31,,,
442692,0.11,-0.61,0.93,-11.90,-40.34,66.96,,,
443293,0.03,-0.68,0.83,-105.71,-30.64,-9.52,,,
443894,0.08,-0.77,0.49,-3.60,108.58,-59.75,,,
444494,0.02,-0.44,0.93,-144.65,114.14,-52.61,,,
445095,-0.03,-0.63,0.79,7.51,-42.60,53.28,,,
445696,0.12,-0.56,0.81,172.00,-76.66,7.93,,,
446296,-0.02,-0.59,0.84,-127.14,-56.88,4.88,,,
446897,0.15,-0.61,0.68,-52.06,87.71,-50.66,,,
447497,0.20,-0.64,0.68,-63.35,-6.96,60.67,,,
448098,0.21,-0.56,1.01,79.35,3.97,2.69,,,
448707,0.15,-0.48,0.87,1.83,-2.26,-82.28,,,
449307,0.10,-0.66,1.12,62.68,15.93,-8.73,,,
449951,0.20,-0.69,0.82,-166.26,-0.92,85.27,,,
450551,0.26,-0.76,0.64,47.61,-61.28,80.81,,,
451153,0.07,-0.62,1.00,17.76,25.45,-6.35,,,
451752,0.12,-0.56,0.82,-12.27,25.21,-113.83,,,
452353,0.07,-0.67,0.91,145.32,62.93,-8.91,,,
452953,0.24,-0.86,0.53,20.87,-70.68,162.66,,,
453553,0.27,-0.66,0.76,189.03,-52.25,8.06,,,
454155,0.05,-0.88,0.56,-100.83,24.35,-114.56,,,
454755,0.13,-0.74,0.89,117.55,61.40,-32.10,,,
455366,0.19,-0.76,0.58,73.49,-36.99,93.87,,,
455966,0.53,-0.68,1.07,137.21,-16.97,-51.82,,,
456566,0.14,-0.84,0.62,-69.70,18.86,-35.71,,,
457211,0.19,-0.95,0.71,22.16,52.43,12.94,,,
457811,0.22,-0.74,0.60,3.60,-178.77,56.82,,,
458412,0.26,-0.90,0.37,3.05,12.15,11.60,,,
459012,0.26,-0.91,0.40,24.05,-1.04,8.36,,,
459612,0.22,-0.86,0.48,6.41,13.85,-4.33,,,
460213,0.23,-0.78,0.63,11.96,26.55,-26.67,,,
460813,0.18,-0.70,0.68,-14.71,13.24,-11.29,,,
461414,0.18,-0.57,0.85,42.66,-37.11,78.13,,,
462023,0.04,-0.62,0.80,20.69,24.29,-56.52,,,
462623,0.14,-0.65,0.73,19.17,-7.32,60.91,,,
463223,0.05,-0.67,0.71,8.61,36.38,-61.40,,,
463823,0.14,-0.62,0.84,-8.85,-15.93,66.04,,,
464467,-0.02,-0.48,0.82,-15.20,5.49,6.77,,,
465067,0.23,-0.42,0.84,20.87,-13.92,3.23,,,
465667,0.23,-0.41,0.95,18.25,-20.81,36.68,,,
466267,0.19,-0.52,0.85,-9.77,60.79,-59.27,,,
466867,-0.03,-0.54,0.93,10.25,18.80,-35.58,,,
467468,0.03,-0.63,1.00,19.78,37.35,30.40,,,
468068,-0.02,-0.39,0.74,-32.59,-48.52,-8.00,,,
468679,-0.12,-0.58,0.83,-27.59,7.20,14.77,,,
469278,-0.29,-0.59,0.80,31.49,11.35,12.94,,,
469878,-0.31,-0.26,0.81,-12.88,-20.87,-46.33,,,
470480,-0.06,-0.52,0.91,-14.77,-6.53,1.89,,,
471123,0.16,-0.39,0.98,-64.58,22.52,-30.03,,,
471724,0.07,-0.74,0.67,-20.45,32.90,-21.24,,,
472324,-0.58,-1.34,1.40,49.19,430.97,436.71,,,
472924,0.07,-1.01,0.48,23.01,-14.22,5.62,,,
473525,-0.04,-0.95,0.16,21.73,-3.91,-7.87,,,
474125,0.11,-0.97,0.40,3.91,3.78,-10.86,,,
474725,0.08,-0.92,0.42,-0.67,1.53,-0.12,,,
475333,0.07,-0.91,0.47,-0.37,1.34,-0.37,,,
475934,0.05,-0.88,0.49,-3.23,-19.90,5.98,,,
476533,0.05,-0.92,0.42,-3.85,0.37,-2.08,,,
477133,0.07,-0.92,0.41,-1.53,-0.18,-1.65,,,
477734,0.05,-0.92,0.39,-14.89,21.30,-11.60,,,
478377,0.08,-0.93,0.40,4.82,1.16,0.98,,,
478977,0.07,-0.92,0.42,-2.93,-0.73,-1.34,,,
479577,0.07,-0.93,0.41,-0.61,-0.85,-0.18,,,
480176,0.07,-0.92,0.41,-0.43,-0.61,-0.18,,,
480777,0.06,-0.95,0.41,-27.83,9.70,-11.05,,,
481376,0.08,-0.99,0.37,-1.04,-1.65,-0.06,,,
481986,0.19,-0.96,0.21,-1.40,4.76,-4.21,,,
482585,0.16,-0.97,0.24,1.28,-1.40,2.26,,,
483184,0.16,-0.97,0.24,-2.69,1.95,-3.11,,,
483785,0.14,-0.98,0.25,-4.03,1.59,-2.44,,,
484384,0.16,-0.97,0.24,1.53,-2.01,0.92,,,
484985,0.07,-0.93,0.44,1.83,-0.79,0.49,,,
485626,0.09,-0.91,0.41,-0.73,-0.61,-0.55,,,
486226,0.09,-0.93,0.41,1.34,0.73,-0.98,,,
486825,0.09,-0.92,0.41,0.12,-0.98,-0.06,,,
487424,0.09,-0.92,0.41,-0.18,-0.31,0.00,,,
488024,0.09,-0.93,0.41,0.31,-0.67,-0.37,,,
488633,0.09,-0.92,0.41,0.31,-0.79,0.79,,,
489233,0.08,-0.92,0.42,-0.18,0.18,-0.06,,,
489832,0.08,-0.93,0.41,-0.73,1.10,0.24,,,
490431,-0.19,-1.02,0.37,75.26,171.63,-12.94,,,
491032,0.19,-0.60,0.66,-30.46,1.40,-50.23,,,
491632,0.24,-0.31,1.11,-90.88,79.41,-93.99,,,
492234,0.21,-0.54,0.82,35.58,157.78,-2.93,,,
492877,0.20,-0.22,1.04,1.71,-18.31,12.82,,,
493477,0.23,-0.17,0.97,-26.67,-47.85,32.59,,,
494078,0.28,-0.28,0.95,-33.81,-78.13,-17.33,,,
494678,0.21,-0.30,0.87,7.45,21.73,-36.19,,,
495288,0.29,-0.17,1.07,43.95,54.50,-21.91,,,
495888,0.16,-0.23,1.06,4.15,-8.18,1.95,,,
496488,0.19,-0.14,0.97,-18.37,-49.56,18.92,,,
497088,0.15,-0.27,1.02,-37.05,-52.00,31.92,,,
497688,0.22,-0.37,0.96,-36.25,-43.46,-1.10,,,
498289,0.16,-0.27,1.02,-24.78,-16.48,8.00,,,
498889,0.19,-0.36,0.96,-35.58,-59.94,34.91,,,
499533,0.25,-0.38,0.83,-4.21,-1.65,-15.56,,,
500133,0.25,-0.37,0.85,-12.82,-22.22,0.12,,,
500733,0.26,-0.36,0.86,-14.47,-38.45,10.62,,,
501334,0.25,-0.35,0.94,1.71,0.55,-2.08,,,
501941,0.21,-0.31,0.96,0.00,0.31,-0.73,,,
502542,0.20,-0.30,0.95,-5.92,14.40,-12.88,,,
503141,0.17,-0.31,0.97,1.22,0.37,0.00,,,
503740,0.16,-0.31,0.97,-2.20,-0.55,0.73,,,
504341,0.15,-0.31,0.98,1.59,0.12,-0.67,,,
504940,0.15,-0.30,0.97,-0.43,-1.34,-0.37,,,
505541,0.15,-0.31,0.97,-2.01,0.61,0.49,,,
506141,0.15,-0.30,0.99,2.01,-0.06,-1.34,,,
506795,0.14,-0.31,0.98,1.77,-0.49,-1.46,,,
507396,0.15,-0.29,0.98,-4.09,0.24,1.65,,,
507995,0.63,-0.25,0.85,-151.06,-131.10,235.53,,,
508597,0.08,-0.79,0.68,-70.19,5.98,-31.01,,,
509205,0.54,-1.06,-0.10,-12.88,6.59,7.75,,,
509806,-0.06,-0.85,-0.41,59.14,-112.18,-36.99,,,
510407,0.28,-0.96,-0.17,-12.08,-14.71,-37.23,,,
511007,0.28,-0.93,-0.27,0.12,0.24,0.37,,,
511608,0.27,-0.92,-0.25,2.87,4.21,-0.37,,,
512207,0.28,-0.92,-0.19,4.76,-2.99,-3.48,,,
512808,0.18,-0.93,-0.26,-1.10,18.62,-0.37,,,
513408,0.23,-0.93,-0.27,-3.72,-2.26,1.59,,,
514051,0.24,-0.93,-0.27,-3.11,-2.01,2.44,,,
514651,0.25,-0.93,-0.25,0.73,-1.22,2.26,,,
515251,0.10,-1.00,-0.13,1.04,-1.65,-27.22,,,
515861,0.22,-0.96,-0.16,0.37,1.22,1.71,,,
516460,0.21,-0.97,-0.15,0.37,-2.14,-1.22,,,
517059,0.21,-0.96,-0.15,-0.31,-0.55,0.43,,,
517660,0.21,-0.97,-0.16,0.06,-0.31,-0.55,,,
518260,0.20,-0.96,-0.16,-0.31,-0.37,-0.98,,,
518860,0.20,-0.97,-0.15,-0.37,-0.61,0.43,,,
519460,0.20,-0.97,-0.16,-0.61,-0.55,-0.61,,,
520061,0.19,-0.96,-0.15,1.10,-0.49,0.85,,,
520660,0.22,-0.98,-0.08,1.83,-0.43,0.31,,,
521303,0.21,-0.97,-0.08,0.85,-0.92,0.55,,,
521903,0.21,-0.98,-0.09,-0.18,-0.49,0.00,,,
522512,0.20,-0.97,-0.07,0.79,4.39,1.71,,,
523112,0.19,-0.98,-0.07,-0.92,-0.12,3.36,,,
523712,0.12,-1.07,-0.14,3.66,-4.27,-7.75,,,
524311,0.10,-0.97,-0.16,-5.74,0.92,3.05,,,
524911,0.10,-0.98,-0.18,0.43,-0.73,-0.61,,,
525511,0.10,-0.98,-0.18,-0.98,0.73,-0.85,,,
526111,0.08,-0.97,-0.20,0.06,-2.20,0.24,,,
526711,0.09,-0.97,-0.22,-0.79,-0.37,0.37,,,
527310,0.08,-0.97,-0.22,-0.24,-0.98,0.00,,,
527953,0.08,-0.97,-0.22,-0.43,-0.49,-0.37,,,
528552,0.08,-0.97,-0.22,0.61,-0.73,0.31,,,
529161,0.04,-0.92,-0.28,10.93,-26.92,-9.64,,,
529761,0.13,-0.96,-0.15,-10.07,5.07,2.08,,,
530362,0.10,-0.98,-0.16,-1.22,1.59,0.37,,,
530961,0.09,-0.98,-0.16,0.18,0.12,-0.06,,,
531561,0.11,-0.98,-0.15,2.26,-0.37,1.95,,,
532161,0.11,-0.99,-0.13,-0.12,-0.85,1.22,,,
532760,0.09,-0.99,-0.12,0.18,-0.49,0.43,,,
533360,0.09,-0.99,-0.12,-0.55,-0.24,-0.43,,,
533960,0.09,-0.99,-0.12,0.24,-0.98,0.73,,,
534559,0.09,-0.99,-0.12,-0.67,-0.49,-0.24,,,
535203,0.09,-0.99,-0.12,-0.12,-0.49,-0.06,,,
535812,0.08,-0.99,-0.12,-0.37,-0.73,-0.31,,,
536413,0.08,-0.99,-0.12,0.31,-0.79,0.18,,,
537012,0.08,-0.99,-0.12,-0.18,-0.55,-0.12,,,
537611,0.08,-0.99,-0.11,0.18,-0.55,-0.37,,,
538212,0.06,-1.00,-0.11,-1.95,-2.81,13.73,,,
538812,0.05,-0.99,-0.03,-6.77,9.58,5.37,,,
539412,0.09,-0.99,-0.03,-0.12,1.77,-1.89,,,
540012,0.10,-1.00,-0.02,-0.31,-0.12,-0.43,,,
540612,0.10,-1.00,-0.02,0.06,-0.55,0.24,,,
541212,0.10,-1.00,-0.02,-0.12,-0.61,-0.06,,,
541812,0.10,-1.00,-0.02,0.24,-0.12,0.18,,,
542464,0.10,-1.00,-0.02,-0.49,-0.43,-0.18,,,
543063,0.10,-1.00,-0.02,-0.24,-0.49,-0.18,,,
543664,0.10,-1.00,-0.02,0.73,-0.73,0.31,,,
544263,0.10,-1.00,-0.02,0.00,-0.55,0.43,,,
544862,0.10,-1.00,-0.01,0.37,-0.67,0.31,,,
545462,0.12,-0.99,-0.06,-5.86,0.31,-0.37,,,
546062,0.13,-0.99,-0.10,-1.83,-0.43,0.49,,,
546663,0.13,-0.98,-0.12,-1.28,0.67,-0.24,,,
547262,0.13,-0.99,-0.12,-0.85,-0.31,-1.16,,,
547861,0.13,-0.96,-0.18,-18.80,6.71,10.25,,,
548462,-0.02,-0.97,-0.29,-1.95,21.79,9.34,,,
549114,0.08,-0.91,-0.36,-6.41,-7.63,-8.48,,,
549715,0.07,-0.93,-0.35,1.16,0.18,-0.37,,,
550314,0.25,-0.99,0.08,34.36,0.55,-32.41,,,
550915,-0.11,-0.80,0.50,81.85,-64.03,8.00,,,
551515,0.41,-0.84,0.28,20.57,-118.59,82.70,,,
552115,0.08,-0.59,0.87,106.38,-107.60,50.96,,,
552716,0.27,-0.29,0.86,-74.46,-12.82,16.66,,,
553316,0.17,-0.55,0.79,-75.44,13.92,-4.33,,,
553916,0.12,-0.66,0.72,-52.37,20.63,40.77,,,
554516,-0.03,-0.70,0.77,19.17,121.15,-104.80,,,
555116,0.19,-0.77,0.57,-11.29,2.81,-4.15,,,
555726,0.18,-0.74,0.73,8.06,42.85,-14.83,,,
556368,0.22,-0.50,0.79,-4.09,-30.21,32.41,,,
556969,0.47,-0.62,0.71,2.99,-3.54,11.78,,,
557568,0.27,-0.63,0.57,56.52,-38.09,34.79,,,
558168,0.48,-0.82,0.35,-20.39,45.78,-2.44,,,
558769,0.52,-0.78,0.43,-10.93,24.41,-9.34,,,
559369,0.38,-0.81,0.51,4.76,-7.26,10.50,,,
559970,0.25,-0.75,0.64,27.04,0.85,16.30,,,
560569,0.21,-0.55,0.92,4.88,32.47,-41.20,,,
561170,0.13,-0.44,0.86,14.04,37.60,-53.16,,,
561770,0.25,-0.54,0.98,107.06,2.20,-14.47,,,
562378,0.06,-0.40,0.86,-4.88,7.02,-18.13,,,
562979,0.15,-0.39,0.94,-3.85,-18.13,-20.45,,,
563622,0.28,-0.42,0.89,-14.04,20.75,20.81,,,
564223,0.04,-0.59,0.87,-23.25,44.01,-4.76,,,
564823,0.13,-0.39,1.02,-33.51,-4.88,-78.67,,,
565423,0.17,-0.54,0.94,16.24,-22.95,22.58,,,
566023,0.07,-0.59,0.94,-5.74,24.72,-8.12,,,
566623,-0.15,-0.70,0.78,5.49,31.86,-21.18,,,
567224,-0.06,-0.68,0.75,-0.31,-1.53,-7.69,,,
567824,-0.32,-0.82,0.39,17.94,14.47,-2.50,,,
568423,-0.36,-0.88,0.49,-4.21,-14.22,12.88,,,
569033,-0.27,-0.83,0.48,37.48,15.26,-23.07,,,
569633,-0.10,-0.73,0.75,17.33,-48.77,11.84,,,
570277,-0.13,-0.66,0.78,1.65,-0.24,-3.72,,,
570877,-0.19,-0.67,0.76,16.54,-4.94,-25.70,,,
571478,-0.08,-0.75,0.71,-2.87,40.22,-90.70,,,
572079,-0.04,-0.38,0.79,-47.24,43.33,-91.06,,,
572680,0.01,-0.44,1.04,7.75,62.99,-19.10,,,
573281,-0.08,-0.75,0.71,96.80,-88.13,5.80,,,
573881,0.09,-0.47,0.77,25.27,15.01,-39.55,,,
574481,-0.05,-0.50,1.01,42.05,-32.10,-58.29,,,
575082,0.06,-0.18,1.09,-18.43,13.61,128.48,,,
575690,0.06,-0.44,0.93,-0.67,9.70,3.66,,,
576291,0.10,-0.29,0.97,12.94,10.50,11.47,,,
576891,0.05,-0.39,0.97,-22.40,7.26,19.04,,,
577535,-0.14,-0.43,0.86,32.23,93.63,-97.11,,,
578135,-0.16,-0.42,0.94,-6.04,-6.23,-9.83,,,
578735,-0.12,-0.50,0.87,-8.48,11.96,5.74,,,
579336,-0.03,-0.57,0.95,-48.16,-138.55,133.42,,,
579936,0.07,-0.53,0.81,30.09,-35.64,10.99,,,
580537,0.10,-0.41,0.85,-61.52,-75.56,83.25,,,
581137,0.04,-0.55,0.81,-11.23,15.81,-20.02,,,
581738,-0.00,-0.58,0.86,8.61,7.08,35.52,,,
582347,-0.03,-0.69,0.76,12.45,9.46,-53.89,,,
582947,0.21,-0.67,0.76,38.27,-73.24,62.56,,,
583548,-0.04,-0.62,0.90,27.59,38.88,-5.55,,,
584148,0.05,-0.50,0.79,-26.55,-79.16,56.27,,,
584792,0.04,-0.65,0.73,10.93,45.90,-120.91,,,
585392,-0.14,-0.57,0.69,-6.41,21.48,16.17,,,
585992,0.08,-0.64,0.74,-2.20,20.45,-120.42,,,
586593,0.02,-0.49,0.80,-26.73,-11.66,-11.29,,,
587193,0.31,-0.59,0.90,85.63,3.78,-48.03,,,
587794,0.09,-0.75,1.01,4.27,47.67,-59.88,,,
588394,0.01,-0.47,0.83,-0.06,39.73,-54.87,,,
589003,0.02,-0.63,0.98,137.39,31.37,-21.24,,,
589604,0.05,-0.64,0.73,2.62,-19.41,114.14,,,
590204,0.04,-0.54,1.21,-2.56,-10.50,10.62,,,
590805,0.00,-0.62,0.87,46.33,19.17,-15.56,,,
591406,0.03,-0.55,0.89,-18.62,-17.09,43.76,,,
592050,0.01,-0.59,0.88,14.59,37.84,-91.80,,,
592651,0.00,-0.62,0.81,26.61,-15.08,65.12,,,
593251,-0.07,-0.78,0.68,-117.68,-14.22,45.23,,,
593853,0.20,-0.48,0.82,-88.20,-32.35,32.23,,,
594453,0.11,-0.60,0.74,-64.88,-73.73,50.66,,,
595062,0.17,-0.56,0.85,-35.34,-12.94,40.89,,,
595663,0.24,-0.66,0.78,-30.70,-47.49,23.80,,,
596263,-0.02,-0.81,0.56,-41.56,123.47,-58.78,,,
596865,0.11,-1.02,0.23,10.13,11.54,-1.65,,,
597465,0.09,-0.94,0.25,6.96,15.44,-23.80,,,
598066,0.18,-0.95,0.30,-2.93,3.17,-2.20,,,
598665,0.20,-0.95,0.28,-1.28,-4.39,3.72,,,
599308,0.13,-0.97,0.23,-5.80,-12.88,1.40,,,
599909,-0.15,-0.95,0.03,-43.88,56.27,-17.40,,,
600509,0.21,-0.96,0.22,13.43,27.95,4.15,,,
601110,-0.11,-0.86,0.40,22.64,-49.62,9.03,,,
601719,0.11,-0.64,0.81,37.84,5.49,-40.95,,,
602320,0.13,-0.57,0.82,18.80,14.28,22.28,,,
602921,0.10,-0.54,0.80,-37.29,13.73,-50.84,,,
603521,0.06,-0.59,0.75,-2.93,-21.91,119.81,,,
604122,0.00,-0.55,0.79,4.76,23.74,-105.35,,,
604723,0.07,-0.70,0.76,-31.19,49.87,-16.85,,,
605324,0.04,-0.78,0.67,-13.85,37.60,-40.04,,,
605924,0.06,-0.89,0.35,-14.22,5.55,-7.51,,,
606566,0.08,-0.96,0.33,-0.55,4.70,1.89,,,
607166,0.08,-0.73,0.73,26.25,50.72,-24.60,,,
607767,0.07,-0.51,0.95,-21.48,1.16,-22.58,,,
608376,0.01,-0.55,0.79,7.26,51.09,-103.15,,,
608977,0.30,-0.58,0.53,45.10,-54.38,-32.53,,,
609577,0.66,-0.46,0.63,-3.30,-15.87,5.68,,,
610178,0.11,-0.57,0.43,67.75,136.60,18.55,,,
610778,0.35,-0.55,0.71,43.03,-7.51,-2.50,,,
611379,0.20,-0.48,0.88,-11.60,23.86,6.77,,,
611978,0.10,-0.35,0.80,-17.03,-48.16,-2.26,,,
612580,0.19,-0.38,0.94,30.52,24.66,6.16,,,
613181,0.06,-0.26,0.97,40.47,3.23,29.24,,,
613823,0.16,-0.26,0.98,3.42,-24.48,30.58,,,
614424,0.59,-0.48,0.81,-3.23,-18.98,49.01,,,
615032,0.11,-0.49,0.82,18.43,1.65,-14.22,,,
615632,-0.24,0.06,0.83,-23.38,38.88,24.90,,,
616233,-0.13,-0.01,0.96,-16.97,-37.17,19.71,,,
616834,0.13,-0.38,0.67,18.13,-10.74,-65.73,,,
617435,0.42,-0.83,0.44,11.72,-61.22,-11.96,,,
618035,0.24,-0.76,0.68,-36.50,-2.20,4.09,,,
618636,0.22,-0.90,0.28,-47.00,-8.79,5.62,,,
619236,0.16,-0.98,0.00,2.75,5.43,-2.50,,,
619836,0.16,-0.99,-0.01,0.24,-0.18,0.43,,,
620437,0.15,-1.00,0.01,4.46,-11.60,2.81,,,
621079,0.16,-1.00,-0.00,-6.29,-16.24,-2.87,,,
621689,0.16,-0.94,0.45,78.98,3.78,-13.55,,,
622289,0.27,-0.49,0.65,7.08,-36.07,58.23,,,
622890,0.23,-0.61,1.07,63.29,15.26,-3.72,,,
623492,0.05,-0.65,0.86,-2.01,29.11,-57.37,,,
624092,0.14,-0.69,0.92,-1.89,-66.96,29.11,,,
624693,0.05,-0.52,0.81,-31.68,-5.07,31.98,,,
625293,0.09,-0.79,0.59,-22.58,18.13,-12.63,,,
625894,0.06,-0.81,0.45,-12.33,-26.86,3.97,,,
626494,0.09,-0.85,0.44,14.71,-47.00,14.04,,,
627095,0.11,-0.78,0.62,48.34,-22.28,17.64,,,
627696,0.14,-0.55,0.83,21.91,-8.73,26.98,,,
628348,0.20,-0.38,0.84,-82.70,-14.10,63.60,,,
628948,0.05,-0.36,0.96,10.62,16.36,6.53,,,
629548,-0.00,-0.24,0.99,-3.60,10.13,36.38,,,
630148,0.06,-0.26,0.99,16.66,2.38,11.84,,,
630749,-0.11,-0.57,1.00,-94.18,-20.02,59.27,,,
631350,0.10,-0.55,0.90,5.37,32.96,-29.97,,,
631951,0.21,-0.76,0.43,-23.80,31.80,-48.46,,,
632551,0.20,-0.57,0.87,-12.57,7.81,-11.90,,,
633153,0.22,-0.74,0.67,-3.11,-2.38,-0.43,,,
633754,0.20,-0.70,1.02,-43.27,-31.86,-39.67,,,
634354,0.00,-0.53,0.81,-55.91,-89.23,-46.08,,,
634964,0.60,-1.75,1.08,-12.21,43.09,-23.86,,,
635608,0.75,-1.20,1.34,182.62,37.35,31.07,,,
636208,0.32,-0.90,0.21,-0.67,9.22,5.37,,,
636808,0.20,-0.90,-0.25,-23.68,19.53,6.96,,,
637408,0.25,-0.94,-0.23,1.59,-1.46,1.89,,,
638009,0.23,-0.95,-0.22,4.64,-3.17,1.28,,,
638609,0.19,-0.93,-0.26,-3.48,5.13,-2.81,,,
639209,0.21,-0.93,-0.25,3.91,-7.57,-0.37,,,
639809,0.18,-0.95,-0.24,-1.95,1.77,0.98,,,
640408,0.21,-0.93,-0.26,-1.10,-2.14,0.06,,,
641009,0.20,-0.93,-0.26,2.56,-6.96,1.89,,,
641618,0.18,-0.84,-0.26,9.09,49.32,11.96,,,
642219,0.20,-0.85,0.58,141.17,-14.10,8.61,,,
642862,0.18,-0.32,0.92,-82.89,4.70,-13.73,,,
643463,0.02,-0.41,0.92,-10.93,6.96,-66.96,,,
644064,-0.02,-0.18,1.08,43.58,0.61,-23.25,,,
644664,0.04,-0.34,1.04,-6.04,-19.71,37.90,,,
645265,0.02,-0.42,0.95,26.25,-1.34,19.90,,,
645865,0.01,-0.48,0.91,-24.17,-28.20,36.01,,,
646465,0.05,-0.58,0.78,-50.84,12.88,-18.01,,,
647067,0.11,-0.75,0.66,11.72,-6.10,-0.61,,,
647667,0.14,-0.78,0.69,-22.40,-12.02,3.36,,,
648277,0.17,-0.97,0.21,-45.90,11.78,-2.62,,,
648877,0.16,-0.99,-0.01,-6.90,-6.10,2.38,,,
649478,0.12,-0.99,-0.08,0.43,-17.03,2.50,,,
650120,0.04,-1.00,-0.08,-0.18,0.12,0.37,,,
650720,0.05,-1.00,-0.08,-0.98,-1.10,-0.79,,,
651321,0.11,-0.98,-0.15,-4.88,6.59,-0.06,,,
651921,0.11,-0.99,-0.09,-2.44,0.31,-0.55,,,
652521,0.12,-0.99,-0.10,-0.43,-0.49,-0.37,,,
653122,0.13,-0.99,-0.09,-0.61,-0.79,1.22,,,
653722,0.13,-0.99,-0.09,3.23,-0.12,-0.06,,,
654323,0.13,-1.00,-0.04,-0.31,11.84,-3.85,,,
654932,0.23,-0.98,0.01,14.16,27.53,-8.18,,,
655533,0.26,-0.98,0.09,12.08,-4.03,1.65,,,
656133,0.25,-0.97,0.16,8.91,-1.34,-2.08,,,
656733,0.28,-0.63,0.75,40.41,69.40,-24.54,,,
657377,-0.03,-0.23,1.13,30.94,17.03,0.06,,,
657977,-0.13,-0.17,1.04,-27.40,-3.23,-31.19,,,
658579,-0.09,-0.17,0.80,41.14,-30.88,5.80,,,
659179,0.05,-0.32,0.51,-134.16,4.58,2.56,,,
659780,-0.17,-0.28,0.66,-201.29,-68.97,-59.20,,,
660381,0.03,-0.44,0.76,63.72,44.37,14.04,,,
660981,-0.01,-0.36,0.97,-8.85,-9.77,52.25,,,
661591,0.11,-0.47,0.83,-14.89,44.13,36.68,,,
662191,-0.22,-0.73,0.95,-38.94,64.39,-33.87,,,
662793,-0.10,-0.78,0.60,29.85,9.09,-33.69,,,
663393,-0.09,-0.58,0.86,-28.87,-3.42,-4.88,,,
663994,0.06,-0.60,0.64,-77.03,16.17,-22.09,,,
664638,0.09,-1.00,0.32,-33.02,6.65,-0.12,,,
665237,0.16,-0.97,0.22,1.46,0.61,0.31,,,
665838,0.07,-0.97,0.24,1.22,-9.64,-8.06,,,
666438,0.06,-0.99,0.16,-14.10,-12.15,0.98,,,
667038,0.11,-0.99,0.05,-4.03,-2.01,-0.31,,,
667639,0.10,-1.01,0.05,-1.46,-0.92,1.28,,,
668247,0.12,-0.99,0.06,2.20,1.89,1.34,,,
668847,0.12,-1.00,0.06,1.04,-1.40,0.61,,,
669447,0.10,-1.00,0.07,0.55,-0.79,1.40,,,
670047,0.12,-0.99,0.07,2.38,0.49,0.49,,,
670646,0.15,-1.00,0.11,5.62,-0.12,1.95,,,
671246,0.13,-0.99,0.12,-0.18,-0.12,-0.61,,,
671889,0.20,-0.99,0.06,4.52,-2.08,2.08,,,
672489,0.19,-0.99,0.06,-5.13,2.50,-1.89,,,
673089,0.20,-0.98,0.04,0.37,-0.37,0.61,,,
673689,0.18,-0.99,0.00,1.46,-0.73,1.10,,,
674289,0.16,-0.99,0.01,0.24,-0.92,-0.18,,,
674889,0.16,-0.99,0.01,-0.37,-0.37,0.12,,,
675498,0.16,-0.99,-0.00,-16.17,8.00,14.16,,,
676099,0.06,-0.97,-0.19,-8.36,-3.54,0.12,,,
676699,0.08,-0.95,-0.28,-3.36,-2.93,1.04,,,
677298,0.04,-0.96,-0.24,0.49,-0.12,1.46,,,
677899,0.06,-0.93,-0.20,20.39,-42.42,-9.58,,,
678499,-0.02,-1.00,-0.12,-0.85,0.49,-0.18,,,
679143,-0.03,-1.00,-0.14,-0.92,-0.49,-0.43,,,
679743,-0.02,-0.99,-0.13,-0.61,1.71,-2.08,,,
680343,-0.02,-0.99,-0.14,1.53,0.67,0.31,,,
680943,-0.03,-0.99,-0.15,-1.46,-1.77,-0.31,,,
681543,-0.02,-0.99,-0.15,-3.48,1.83,-6.23,,,
682154,-0.18,-1.02,0.04,13.12,-27.10,-40.16,,,
682754,-0.10,-0.83,0.39,60.49,-17.76,2.75,,,
683355,-0.06,-0.47,0.86,39.12,-49.87,-27.22,,,
683956,-0.08,-0.35,0.95,-132.87,-41.20,96.74,,,
684556,0.26,-0.80,0.83,120.18,11.96,-66.35,,,
685158,0.09,-0.70,0.81,36.68,-0.79,24.17,,,
685758,0.35,-0.71,1.23,100.52,138.61,-23.74,,,
686402,0.04,-0.53,0.81,34.30,41.63,-55.73,,,
687002,0.03,-0.63,0.71,-91.31,5.37,52.92,,,
687602,-0.01,-0.46,0.85,-6.41,17.27,-38.51,,,
688212,-0.10,-0.68,0.92,93.81,35.16,13.12,,,
688812,0.08,-0.74,0.85,-43.15,-31.07,21.24,,,
689414,-0.12,-0.74,0.64,-2.99,36.13,-5.37,,,
690014,-0.10,-0.78,0.63,2.14,-35.77,4.88,,,
690613,-0.08,-0.79,0.63,-5.74,-1.10,2.14,,,
691214,0.10,-0.76,0.65,1.59,21.42,-28.87,,,
691814,0.14,-0.69,0.75,4.70,-7.81,-2.38,,,
692415,0.19,-0.64,0.81,49.13,-93.26,67.75,,,
693015,-0.01,-0.75,1.05,63.48,10.74,2.14,,,
693658,0.10,-0.43,0.97,-110.96,-38.70,64.27,,,
694259,0.07,-0.58,0.81,-1.71,-24.05,-66.89,,,
694868,0.13,-0.63,0.76,24.11,-45.59,29.91,,,
695469,0.09,-0.56,0.86,7.08,15.63,18.86,,,
696069,0.03,-0.57,0.88,37.17,-2.01,-5.68,,,
696669,-0.02,-0.60,1.04,85.51,10.56,-35.03,,,
697270,0.08,-0.57,0.71,9.89,-49.93,40.77,,,
697869,0.01,-0.48,0.92,13.67,12.39,-47.67,,,
698470,0.00,-0.53,0.83,-4.33,-29.17,4.46,,,
699070,0.02,-0.44,0.92,-8.97,17.21,6.29,,,
699671,-0.10,-0.49,0.83,11.72,2.93,-29.36,,,
700271,-0.02,-0.59,0.87,-34.36,5.68,14.59,,,
700914,0.18,-1.00,0.25,-26.49,-9.83,31.07,,,
701524,0.11,-0.97,0.31,18.19,35.10,-3.72,,,
702124,0.11,-0.87,0.31,-24.84,-30.58,-9.83,,,
702725,0.13,-0.96,0.28,-15.14,-2.32,-4.39,,,
703324,0.09,-0.99,0.15,1.22,0.00,4.27,,,
703924,0.06,-1.00,0.13,1.89,-2.08,-0.98,,,
704524,0.05,-1.00,0.14,-1.46,-0.61,1.10,,,
705123,0.05,-1.00,0.13,1.28,-1.40,2.62,,,
705724,0.06,-1.00,0.14,-0.98,0.12,-0.18,,,
706323,0.04,-1.00,0.18,0.55,-0.67,-0.85,,,
706924,0.04,-0.99,0.18,0.00,-0.43,0.12,,,
707523,0.04,-0.99,0.18,0.55,-0.55,-0.18,,,
708166,0.04,-1.00,0.18,-0.55,0.06,-0.12,,,
708775,0.04,-1.00,0.18,-1.34,-0.18,0.00,,,
709375,0.06,-0.99,0.08,-16.72,13.31,3.48,,,
709975,-0.02,-1.00,-0.02,4.09,-5.19,3.66,,,
710575,-0.04,-1.00,0.00,-0.31,1.77,0.31,,,
711174,-0.03,-1.01,0.06,1.71,-2.38,-0.55,,,
711775,-0.01,-1.00,0.10,0.79,-1.10,-0.79,,,
712375,-0.01,-1.00,0.10,0.79,-1.83,0.43,,,
712975,-0.00,-1.00,0.11,-0.61,0.06,-0.55,,,
713575,0.00,-1.00,0.11,0.43,-0.92,0.37,,,
714175,-0.00,-1.00,0.11,-0.18,-0.18,0.12,,,
714775,-0.00,-1.00,0.12,-1.53,0.98,0.18,,,
715426,0.00,-1.01,0.11,-0.24,-0.73,-1.22,,,
716027,-0.01,-1.01,0.12,-0.12,-0.85,0.31,,,
716627,-0.01,-1.00,0.12,0.43,-1.46,0.49,,,
717227,-0.01,-1.00,0.11,-0.73,0.31,0.12,,,
717827,-0.00,-1.00,0.11,-1.95,0.43,-1.34,,,
718427,-0.01,-1.00,0.12,0.49,-1.04,0.06,,,
719027,0.09,-0.94,-0.16,-12.39,11.78,-17.40,,,
719627,0.05,-1.18,-0.16,-39.00,125.79,13.06,,,
720228,0.10,-0.97,-0.17,-2.26,-1.04,1.46,,,
720828,0.09,-0.99,-0.17,-1.71,0.31,0.55,,,
721428,0.09,-0.98,-0.18,1.71,-11.90,2.01,,,
722079,0.08,-0.98,-0.17,-0.79,-1.34,0.12,,,
722678,0.21,-0.96,-0.17,0.00,0.06,0.37,,,
723278,0.19,-0.96,-0.17,0.85,-1.89,1.10,,,
723878,0.19,-0.96,-0.18,-0.12,-2.01,0.37,,,
724478,0.19,-0.97,-0.17,0.06,1.34,-1.65,,,
725077,0.20,-0.96,-0.17,0.18,-1.46,0.43,,,
725677,-0.01,-0.99,-0.06,35.95,-72.88,13.00,,,
726278,0.08,-0.95,0.12,36.87,-88.56,-40.89,,,
726878,0.05,-0.98,0.23,0.79,0.67,0.31,,,
727478,0.04,-0.98,0.23,0.18,-0.61,0.24,,,
728077,0.04,-0.98,0.23,-0.37,-0.18,-0.12,,,
728686,0.03,-0.98,0.24,0.24,-0.79,0.24,,,
729329,0.03,-0.98,0.24,0.06,-0.85,0.49,,,
729928,0.03,-0.99,0.23,-0.43,-0.31,0.55,,,
730528,0.11,-0.82,0.36,18.31,-19.59,-30.52,,,
731128,0.12,-0.86,0.55,69.58,10.68,10.56,,,
731728,-0.03,-0.88,0.43,9.22,-5.31,-32.29,,,
732329,0.29,-0.92,0.35,0.06,11.41,0.61,,,
732928,0.27,-0.92,0.32,7.20,-6.53,1.89,,,
733528,0.26,-0.92,0.35,-0.49,0.79,-0.24,,,
734128,0.31,-0.94,0.45,56.09,-15.81,-4.58,,,
734728,0.14,-0.93,0.41,2.08,4.33,-2.75,,,
735327,0.17,-0.91,0.45,-0.24,3.30,0.31,,,
735936,0.15,-0.92,0.45,-6.90,-3.78,4.76,,,
736578,0.10,-0.93,0.40,-1.04,-0.37,0.12,,,
737178,0.10,-0.93,0.40,-0.61,-0.37,-0.06,,,
737778,0.10,-0.93,0.39,-0.73,-0.31,-1.28,,,
738378,0.09,-0.93,0.40,-0.12,-0.31,0.12,,,
738977,0.10,-0.93,0.40,-0.37,-0.61,0.00,,,
739578,0.11,-0.92,0.41,-0.55,15.50,-0.49,,,
740177,0.10,-0.93,0.40,-0.55,-0.43,0.18,,,
740778,0.09,-0.93,0.41,0.61,-0.55,-0.85,,,
741377,0.10,-0.93,0.41,-0.24,-1.04,-0.31,,,
741976,0.10,-0.92,0.40,-0.24,-1.10,0.12,,,
742585,0.10,-0.92,0.41,-1.16,-1.22,-0.43,,,
743185,0.10,-0.93,0.42,0.98,-0.43,0.24,,,
743828,0.10,-0.92,0.42,1.40,-0.31,0.49,,,
744428,0.10,-0.92,0.42,-0.06,-0.55,-0.06,,,
745027,0.10,-0.92,0.42,1.10,-0.24,-0.43,,,
745627,0.10,-0.92,0.42,0.00,-0.43,-0.31,,,
746226,0.09,-0.92,0.42,-0.92,-0.31,-0.18,,,
746827,0.09,-0.92,0.42,-0.73,-1.34,0.92,,,
747426,0.09,-0.92,0.42,0.55,-0.24,-0.06,,,
748027,0.11,-0.93,0.37,-25.94,11.23,-22.16,,,
748626,0.15,-0.96,0.34,-3.85,3.11,1.71,,,
749234,0.02,-1.03,0.15,-52.00,8.18,-8.79,,,
749835,0.15,-0.99,-0.07,-24.35,17.27,4.33,,,
750435,0.10,-1.00,-0.11,-2.08,-2.01,0.61,,,
751077,0.08,-0.99,-0.10,-0.55,0.43,-0.55,,,
751677,0.08,-0.99,-0.09,3.97,-2.50,3.17,,,
752276,0.08,-0.99,-0.12,-2.99,0.12,-0.12,,,
752876,0.08,-1.00,-0.10,-1.10,-0.37,-0.73,,,
753476,0.06,-1.00,-0.08,0.61,-1.46,0.24,,,
754076,0.07,-0.99,-0.10,-0.18,-0.31,-0.37,,,
754676,0.06,-0.99,-0.10,-0.49,-0.55,-0.18,,,
755275,0.06,-0.99,-0.09,0.00,-0.49,1.22,,,
755883,0.06,-0.99,-0.10,-0.49,-1.16,0.12,,,
756483,0.06,-0.99,-0.10,-0.31,-0.49,-0.24,,,
757084,0.06,-0.99,-0.10,-0.18,-0.37,0.31,,,
757683,0.06,-0.99,-0.10,0.79,-0.61,0.43,,,
758327,0.07,-0.99,-0.10,-0.18,-0.37,0.06,,,
758926,0.06,-0.99,-0.09,0.18,-1.04,-0.24,,,
759526,0.06,-0.99,-0.09,-0.18,0.43,-0.73,,,
760126,0.12,-0.98,-0.14,-7.14,-4.39,-0.12,,,
760726,0.09,-0.99,-0.14,-1.04,-0.49,-0.06,,,
761327,0.09,-0.99,-0.14,0.73,-1.10,1.10,,,
761926,0.09,-0.98,-0.14,-0.55,-0.43,0.24,,,
762534,0.09,-0.99,-0.14,-0.49,-0.49,-0.43,,,
763135,0.09,-0.98,-0.15,-0.43,-0.18,-0.61,,,
763735,0.10,-0.96,-0.20,-7.63,4.09,4.46,,,
764335,0.04,-0.98,-0.17,0.85,-0.67,2.32,,,
764935,0.01,-0.98,-0.17,0.49,0.06,1.10,,,
765577,0.01,-0.98,-0.17,0.06,-1.22,0.55,,,
766178,0.01,-0.97,-0.17,3.42,-6.65,1.04,,,
766777,-0.01,-1.00,-0.10,5.07,-10.31,-13.18,,,
767378,0.04,-1.00,-0.10,-0.31,-0.12,0.43,,,
767978,0.04,-1.00,-0.10,0.12,-0.61,-0.18,,,
768578,0.04,-0.99,-0.10,-0.67,-0.85,0.06,,,
769177,0.03,-0.99,-0.10,0.00,-0.92,0.12,,,
769785,0.02,-0.99,-0.09,4.88,-4.64,-0.12,,,
770386,0.04,-1.00,-0.07,0.55,-0.55,0.31,,,
770985,0.03,-1.00,-0.07,0.73,-1.95,0.06,,,
771585,0.04,-1.00,-0.07,-1.40,0.00,-1.71,,,
772185,0.05,-1.00,-0.08,-1.65,0.24,-1.04,,,
772828,0.07,-0.99,-0.10,-6.35,3.78,-1.53,,,
773428,0.07,-1.02,-0.13,-1.53,2.32,-7.26,,,
774028,0.10,-0.98,-0.14,-0.85,1.04,1.46,,,
774628,0.10,-0.99,-0.13,3.97,-4.52,-2.50,,,
775227,0.12,-0.99,-0.12,-0.79,0.24,-0.43,,,
775827,0.12,-0.98,-0.11,0.06,-0.67,0.18,,,
776435,0.13,-0.98,-0.12,-0.18,-0.18,-0.61,,,
777035,0.13,-0.98,-0.11,-0.31,-1.10,-0.12,,,
777635,0.13,-0.98,-0.11,-0.24,-0.43,-0.73,,,
778235,0.13,-0.99,-0.11,-0.37,-0.92,-0.24,,,
778835,0.14,-0.99,-0.11,0.67,-1.16,0.24,,,
779434,0.15,-0.99,-0.11,1.22,-1.59,0.00,,,
780076,0.14,-0.99,-0.10,0.06,-0.73,-0.43,,,
780676,0.14,-0.99,-0.10,0.92,-1.16,0.67,,,
781275,0.14,-0.99,-0.09,0.00,-0.31,-0.73,,,
781876,0.15,-0.99,-0.09,-1.16,0.31,-0.92,,,
782475,0.15,-0.99,-0.09,-0.12,-0.24,-0.55,,,
783083,0.15,-0.98,-0.08,-0.18,-0.24,-0.92,,,
783684,0.15,-0.99,-0.08,1.04,-1.34,-0.18,,,
784284,0.16,-0.99,-0.05,3.85,-2.81,-3.17,,,
784884,0.18,-0.99,-0.02,0.00,-0.61,-2.26,,,
785484,0.18,-0.99,-0.01,-0.43,-0.61,-1.04,,,
786083,0.19,-0.98,0.00,1.28,-0.73,-0.06,,,
786683,0.20,-0.99,0.01,0.98,-0.79,-0.18,,,
787324,0.20,-0.98,0.02,0.12,-0.06,-0.98,,,
787925,0.09,-0.99,0.08,5.98,3.30,-2.08,,,
788524,0.13,-1.00,0.09,-6.47,0.37,-3.66,,,
789124,0.13,-1.00,0.09,-0.49,0.06,-0.98,,,
789732,0.13,-1.00,0.09,-0.12,-0.73,-0.06,,,
790332,0.14,-1.00,0.06,-21.85,5.92,-2.75,,,
790932,0.14,-1.00,-0.00,-0.55,-0.61,0.67,,,
791531,0.13,-1.00,-0.04,-0.43,-0.79,0.12,,,
792132,0.11,-1.00,-0.04,-0.06,-0.24,-0.73,,,
792732,0.12,-0.99,-0.05,-0.92,-0.06,-0.24,,,
793332,0.12,-0.99,-0.05,-0.06,-0.92,0.24,,,
793932,0.12,-0.99,-0.05,-0.31,-0.37,-0.31,,,
794575,0.12,-0.99,-0.05,0.12,-0.31,-0.61,,,
795175,0.12,-0.99,-0.05,-0.67,0.12,0.12,,,
795775,0.12,-1.00,-0.05,-0.43,-0.37,-0.85,,,
796383,0.12,-0.99,-0.05,0.06,0.00,-0.37,,,
796982,0.12,-0.99,-0.05,-0.31,-0.55,-0.06,,,
797582,0.12,-0.99,-0.05,0.31,-0.55,0.37,,,
798182,0.12,-0.99,-0.05,-0.37,-0.49,-0.24,,,
798782,0.12,-1.00,-0.05,-0.12,-0.24,-0.18,,,
799382,0.12,-1.00,-0.05,-0.92,-0.37,0.12,,,
799982,0.12,-0.99,-0.06,-0.43,-0.43,-0.24,,,
800581,0.12,-0.99,-0.06,-0.67,-0.67,-0.67,,,
801182,0.12,-0.99,-0.06,-0.79,0.00,0.00,,,
801823,0.12,-0.99,-0.05,-0.31,-0.67,0.06,,,
802424,0.12,-0.99,-0.05,0.43,-0.85,0.12,,,
803032,0.12,-0.99,-0.06,-0.67,-0.31,-0.37,,,
803631,0.14,-0.99,-0.06,0.24,-0.31,0.24,,,
804232,0.12,-0.97,-0.06,-4.03,-0.18,-3.60,,,
804831,0.16,-0.99,-0.06,-0.61,-0.06,-1.22,,,
805432,0.19,-0.98,-0.09,-5.00,0.55,-4.58,,,
806032,0.23,-0.98,-0.07,-12.02,5.00,-1.16,,,
806632,0.18,-0.97,-0.18,-26.61,-24.66,3.17,,,
807232,0.23,-0.96,-0.20,15.69,7.75,-8.24,,,
807831,0.27,-0.82,-0.39,0.67,-13.49,-10.07,,,
